task_id,dataset_name,split_name,method,status,error,explained_index,explained_order,n_features_transformed,n_train_fit,n_val,n_test,n_classes,true_label_encoded,pred_label_encoded,target_label_encoded,pred_target_probability,runtime_seconds,attr_l1_norm,evidence,lambda_hyb,exactness_residual,p0,deletion_auc,deletion_drop_auc,insertion_auc,combined_score,test_accuracy,test_balanced_accuracy,test_log_loss
3560,analcatdata_dmft,openml_repeat0_fold0_sample0,diff_fpde,ok,,0,0,21,573,144,80,6,3,0,0,0.23446552526928,0.004417965000016011,0.5864366359863794,-0.45293484364475245,,-2.220446049250313e-16,0.23446552526928,0.12801960049849795,0.10644592477078205,0.20835769674751448,0.15740181075914828,0.275,0.2751831501831502,1.8383910352738346
3560,analcatdata_dmft,openml_repeat0_fold0_sample0,cos_fpde,ok,,0,0,21,573,144,80,6,3,0,0,0.23446552526928,0.004330100000004222,0.8314791263865352,-0.6590348460581168,,0.0,0.23446552526928,0.12842906441301075,0.10603646085626925,0.21373867312127065,0.15988756698876994,0.275,0.2751831501831502,1.8383910352738346
3560,analcatdata_dmft,openml_repeat0_fold0_sample0,hyb_fpde_grid,ok,,0,0,21,573,144,80,6,3,0,0,0.23446552526928,0.006683823000003031,0.9999999999999998,-0.7926054005975693,0.0,1.1102230246251565e-16,0.23446552526928,0.12842906441301075,0.10603646085626925,0.21373867312127065,0.15988756698876994,0.275,0.2751831501831502,1.8383910352738346
3560,analcatdata_dmft,openml_repeat0_fold0_sample0,shap,ok,,0,0,21,573,144,80,6,3,0,0,0.23446552526928,0.3257795700000088,1.5488154009995008,,,,0.23446552526928,0.1462157626893656,0.0882497625799144,0.2505003832602402,0.1693750729200773,0.275,0.2751831501831502,1.8383910352738346
3560,analcatdata_dmft,openml_repeat0_fold0_sample0,lime,ok,,0,0,21,573,144,80,6,3,0,0,0.23446552526928,0.017243774999997186,0.1106824069447479,,,,0.23446552526928,0.22054670521103673,0.01391882005824327,0.10998340591934892,0.061951112988796096,0.275,0.2751831501831502,1.8383910352738346
3560,analcatdata_dmft,openml_repeat0_fold0_sample0,aime,ok,,0,0,21,573,144,80,6,3,0,0,0.23446552526928,0.006086041999992631,4.7464958889949465,,,,0.23446552526928,0.11695516580923121,0.11751035946004879,0.2142168866344773,0.16586362304726304,0.275,0.2751831501831502,1.8383910352738346
3560,analcatdata_dmft,openml_repeat0_fold0_sample0,diff_fpde,ok,,1,1,21,573,144,80,6,3,3,3,0.23234285448481207,0.004273041999965699,0.5716490314258136,0.10424168679507712,,2.7755575615628914e-16,0.23234285448481207,0.18997539309523526,0.04236746138957681,0.30438143146712454,0.17337444642835068,0.275,0.2751831501831502,1.8383910352738346
3560,analcatdata_dmft,openml_repeat0_fold0_sample0,cos_fpde,ok,,1,1,21,573,144,80,6,3,3,3,0.23234285448481207,0.0043257710000261795,1.048256707495399,0.3180633230171509,,-5.551115123125783e-17,0.23234285448481207,0.16224955335065225,0.07009330113415982,0.3165080796349945,0.19330069038457715,0.275,0.2751831501831502,1.8383910352738346
3560,analcatdata_dmft,openml_repeat0_fold0_sample0,hyb_fpde_grid,ok,,1,1,21,573,144,80,6,3,3,3,0.23234285448481207,0.006700884999986556,1.0,0.30342121423396384,0.0,1.1102230246251565e-16,0.23234285448481207,0.16224955335065225,0.07009330113415982,0.3165080796349945,0.19330069038457715,0.275,0.2751831501831502,1.8383910352738346
3560,analcatdata_dmft,openml_repeat0_fold0_sample0,shap,ok,,1,1,21,573,144,80,6,3,3,3,0.23234285448481207,0.22931535600002917,1.1879414687444143,,,,0.23234285448481207,0.1206936009132019,0.11164925357161017,0.29494231664947124,0.2032957851105407,0.275,0.2751831501831502,1.8383910352738346
3560,analcatdata_dmft,openml_repeat0_fold0_sample0,lime,ok,,1,1,21,573,144,80,6,3,3,3,0.23234285448481207,0.016453812999998263,0.14774272720200674,,,,0.23234285448481207,0.3153393478646076,-0.08299649337979553,0.10667616410462608,0.011839835362415271,0.275,0.2751831501831502,1.8383910352738346
3560,analcatdata_dmft,openml_repeat0_fold0_sample0,aime,ok,,1,1,21,573,144,80,6,3,3,3,0.23234285448481207,0.005652237999981935,7.512716761991692,,,,0.23234285448481207,0.18574360042776536,0.04659925405704671,0.3062284919672428,0.17641387301214473,0.275,0.2751831501831502,1.8383910352738346
3560,analcatdata_dmft,openml_repeat0_fold0_sample0,diff_fpde,ok,,2,2,21,573,144,80,6,3,3,3,0.38547304946106653,0.004233919999990121,0.6819695371046721,0.33161251341431536,,-3.885780586188048e-16,0.38547304946106653,0.2977848359977222,0.08768821346334432,0.34541388251189825,0.2165510479876213,0.275,0.2751831501831502,1.8383910352738346
3560,analcatdata_dmft,openml_repeat0_fold0_sample0,cos_fpde,ok,,2,2,21,573,144,80,6,3,3,3,0.38547304946106653,0.004307277000009435,1.0667731501491033,0.49370356352874367,,-1.1102230246251565e-16,0.38547304946106653,0.2909623745853687,0.09451067487569781,0.35197628807389564,0.22324348147479672,0.275,0.2751831501831502,1.8383910352738346
3560,analcatdata_dmft,openml_repeat0_fold0_sample0,hyb_fpde_grid,ok,,2,2,21,573,144,80,6,3,3,3,0.38547304946106653,0.006651912999984688,1.0000000000000002,0.4628008901983881,0.0,1.1102230246251565e-16,0.38547304946106653,0.2909623745853687,0.09451067487569781,0.35197628807389564,0.22324348147479672,0.275,0.2751831501831502,1.8383910352738346
3560,analcatdata_dmft,openml_repeat0_fold0_sample0,shap,ok,,2,2,21,573,144,80,6,3,3,3,0.38547304946106653,0.21630345699998088,1.2710953778179739,,,,0.38547304946106653,0.23781216371325986,0.14766088574780667,0.3333600184284991,0.2405104520881529,0.275,0.2751831501831502,1.8383910352738346
3560,analcatdata_dmft,openml_repeat0_fold0_sample0,lime,ok,,2,2,21,573,144,80,6,3,3,3,0.38547304946106653,0.016688814000019647,0.1410227675688301,,,,0.38547304946106653,0.3722929819664511,0.013180067494615422,0.19570001728565906,0.10444004239013724,0.275,0.2751831501831502,1.8383910352738346
3560,analcatdata_dmft,openml_repeat0_fold0_sample0,aime,ok,,2,2,21,573,144,80,6,3,3,3,0.38547304946106653,0.005599179000000731,2.195458019953175,,,,0.38547304946106653,0.24205184276111263,0.1434212066999539,0.37267286320782567,0.2580470349538898,0.275,0.2751831501831502,1.8383910352738346
3560,analcatdata_dmft,openml_repeat0_fold0_sample0,diff_fpde,ok,,3,3,21,573,144,80,6,3,4,4,0.2533605563734539,0.004285355000035906,0.5472377510893824,-0.04381506596648636,,5.134781488891349e-16,0.2533605563734539,0.10748635907152665,0.14587419730192724,0.28727023874162644,0.21657221802177684,0.275,0.2751831501831502,1.8383910352738346
3560,analcatdata_dmft,openml_repeat0_fold0_sample0,cos_fpde,ok,,3,3,21,573,144,80,6,3,4,4,0.2533605563734539,0.004336571000010281,0.6575995635707724,-0.06230887765178153,,6.938893903907228e-17,0.2533605563734539,0.11139179354865522,0.14196876282479867,0.27610597906173034,0.20903737094326452,0.275,0.2751831501831502,1.8383910352738346
3560,analcatdata_dmft,openml_repeat0_fold0_sample0,hyb_fpde_grid,ok,,3,3,21,573,144,80,6,3,4,4,0.2533605563734539,0.006726412999967124,1.0000000000000002,-0.0947520057851677,0.0,-8.326672684688674e-17,0.2533605563734539,0.11139179354865522,0.14196876282479867,0.27610597906173034,0.20903737094326452,0.275,0.2751831501831502,1.8383910352738346
3560,analcatdata_dmft,openml_repeat0_fold0_sample0,shap,ok,,3,3,21,573,144,80,6,3,4,4,0.2533605563734539,0.22057270299995935,2.123314682150366,,,,0.2533605563734539,0.06828055716843004,0.18507999920502385,0.3379672964869487,0.26152364784598625,0.275,0.2751831501831502,1.8383910352738346
3560,analcatdata_dmft,openml_repeat0_fold0_sample0,lime,ok,,3,3,21,573,144,80,6,3,4,4,0.2533605563734539,0.016164591000006112,0.13187646341077425,,,,0.2533605563734539,0.4125176466736745,-0.15915709030022063,0.08093377091944905,-0.03911165969038579,0.275,0.2751831501831502,1.8383910352738346
3560,analcatdata_dmft,openml_repeat0_fold0_sample0,aime,ok,,3,3,21,573,144,80,6,3,4,4,0.2533605563734539,0.005520531999991363,6.450452882403167,,,,0.2533605563734539,0.1004595557086971,0.1529010006647568,0.33351091238217145,0.2432059565234641,0.275,0.2751831501831502,1.8383910352738346
3560,analcatdata_dmft,openml_repeat0_fold0_sample0,diff_fpde,ok,,4,4,21,573,144,80,6,3,1,1,0.35738722950011237,0.004238106999991942,0.47119381484516065,0.11001148484874342,,-9.298117831235686e-16,0.35738722950011237,0.20300209919301987,0.1543851303070925,0.24479424867658428,0.1995896894918384,0.275,0.2751831501831502,1.8383910352738346
3560,analcatdata_dmft,openml_repeat0_fold0_sample0,cos_fpde,ok,,4,4,21,573,144,80,6,3,1,1,0.35738722950011237,0.004285245999994913,0.6156310413181406,0.17247245654502716,,8.326672684688674e-17,0.35738722950011237,0.21092082092651918,0.1464664085735932,0.24483304666400213,0.19564972761879768,0.275,0.2751831501831502,1.8383910352738346
3560,analcatdata_dmft,openml_repeat0_fold0_sample0,hyb_fpde_grid,ok,,4,4,21,573,144,80,6,3,1,1,0.35738722950011237,0.006661801999996442,0.9999999999999997,0.28015555579481943,0.0,-5.551115123125783e-17,0.35738722950011237,0.21092082092651918,0.1464664085735932,0.24483304666400213,0.19564972761879768,0.275,0.2751831501831502,1.8383910352738346
3560,analcatdata_dmft,openml_repeat0_fold0_sample0,shap,ok,,4,4,21,573,144,80,6,3,1,1,0.35738722950011237,0.2173516329999643,2.0386931182924104,,,,0.35738722950011237,0.17159436675822365,0.18579286274188872,0.3195921246929907,0.25269249371743974,0.275,0.2751831501831502,1.8383910352738346
3560,analcatdata_dmft,openml_repeat0_fold0_sample0,lime,ok,,4,4,21,573,144,80,6,3,1,1,0.35738722950011237,0.016455065000002378,0.1434842153467058,,,,0.35738722950011237,0.3675724383250367,-0.010185208824924352,0.1817392138014648,0.08577700248827022,0.275,0.2751831501831502,1.8383910352738346
3560,analcatdata_dmft,openml_repeat0_fold0_sample0,aime,ok,,4,4,21,573,144,80,6,3,1,1,0.35738722950011237,0.005527634999964448,3.6980832085257798,,,,0.35738722950011237,0.18820442749175634,0.16918280200835603,0.29579885755761304,0.23249082978298452,0.275,0.2751831501831502,1.8383910352738346
3560,analcatdata_dmft,openml_repeat0_fold0_sample0,diff_fpde,ok,,5,5,21,573,144,80,6,3,0,0,0.3277271343060706,0.004281188000049951,0.6203974589229224,0.15244629347091965,,6.661338147750939e-16,0.3277271343060706,0.24453383657147054,0.08319329773460005,0.21454268757465844,0.14886799265462924,0.275,0.2751831501831502,1.8383910352738346
3560,analcatdata_dmft,openml_repeat0_fold0_sample0,cos_fpde,ok,,5,5,21,573,144,80,6,3,0,0,0.3277271343060706,0.00432544099999177,1.1112707475713277,0.25609160867371417,,2.220446049250313e-16,0.3277271343060706,0.24344884296954689,0.0842782913365237,0.2178366163559975,0.1510574538462606,0.275,0.2751831501831502,1.8383910352738346
3560,analcatdata_dmft,openml_repeat0_fold0_sample0,hyb_fpde_grid,ok,,5,5,21,573,144,80,6,3,0,0,0.3277271343060706,0.0067175570000017615,1.0000000000000002,0.2304493385013508,0.0,-1.1102230246251565e-16,0.3277271343060706,0.24344884296954689,0.0842782913365237,0.2178366163559975,0.1510574538462606,0.275,0.2751831501831502,1.8383910352738346
3560,analcatdata_dmft,openml_repeat0_fold0_sample0,shap,ok,,5,5,21,573,144,80,6,3,0,0,0.3277271343060706,0.2160905079999793,1.3217930912697318,,,,0.3277271343060706,0.19905692964778213,0.12867020465828846,0.2963328205014174,0.21250151257985295,0.275,0.2751831501831502,1.8383910352738346
3560,analcatdata_dmft,openml_repeat0_fold0_sample0,lime,ok,,5,5,21,573,144,80,6,3,0,0,0.3277271343060706,0.01634859600000027,0.10269136285113434,,,,0.3277271343060706,0.28179229778691384,0.04593483651915675,0.16111501176771803,0.10352492414343739,0.275,0.2751831501831502,1.8383910352738346
3560,analcatdata_dmft,openml_repeat0_fold0_sample0,aime,ok,,5,5,21,573,144,80,6,3,0,0,0.3277271343060706,0.005537903999993432,3.281684706759398,,,,0.3277271343060706,0.22283616040352863,0.10489097390254196,0.27138320214890554,0.18813708802572376,0.275,0.2751831501831502,1.8383910352738346
3560,analcatdata_dmft,openml_repeat0_fold0_sample0,diff_fpde,ok,,6,6,21,573,144,80,6,3,0,0,0.3277271343060706,0.004311874999984866,0.6203974589229224,0.15244629347091965,,6.661338147750939e-16,0.3277271343060706,0.24453383657147054,0.08319329773460005,0.21454268757465844,0.14886799265462924,0.275,0.2751831501831502,1.8383910352738346
3560,analcatdata_dmft,openml_repeat0_fold0_sample0,cos_fpde,ok,,6,6,21,573,144,80,6,3,0,0,0.3277271343060706,0.004353463000029478,1.1112707475713277,0.25609160867371417,,2.220446049250313e-16,0.3277271343060706,0.24344884296954689,0.0842782913365237,0.2178366163559975,0.1510574538462606,0.275,0.2751831501831502,1.8383910352738346
3560,analcatdata_dmft,openml_repeat0_fold0_sample0,hyb_fpde_grid,ok,,6,6,21,573,144,80,6,3,0,0,0.3277271343060706,0.006754666000006182,1.0000000000000002,0.2304493385013508,0.0,-1.1102230246251565e-16,0.3277271343060706,0.24344884296954689,0.0842782913365237,0.2178366163559975,0.1510574538462606,0.275,0.2751831501831502,1.8383910352738346
3560,analcatdata_dmft,openml_repeat0_fold0_sample0,shap,ok,,6,6,21,573,144,80,6,3,0,0,0.3277271343060706,0.2157759059999762,1.3217930912697318,,,,0.3277271343060706,0.19905692964778213,0.12867020465828846,0.2963328205014174,0.21250151257985295,0.275,0.2751831501831502,1.8383910352738346
3560,analcatdata_dmft,openml_repeat0_fold0_sample0,lime,ok,,6,6,21,573,144,80,6,3,0,0,0.3277271343060706,0.016013338999982807,0.10361214577671808,,,,0.3277271343060706,0.2786629108690578,0.04906422343701278,0.1597623651624813,0.10441329429974704,0.275,0.2751831501831502,1.8383910352738346
3560,analcatdata_dmft,openml_repeat0_fold0_sample0,aime,ok,,6,6,21,573,144,80,6,3,0,0,0.3277271343060706,0.005531265999991319,3.281684706759398,,,,0.3277271343060706,0.22283616040352863,0.10489097390254196,0.27138320214890554,0.18813708802572376,0.275,0.2751831501831502,1.8383910352738346
3560,analcatdata_dmft,openml_repeat0_fold0_sample0,diff_fpde,ok,,7,7,21,573,144,80,6,3,1,1,0.37616799960525016,0.00426369000001614,0.5985600652429672,0.48792386268871046,,-1.1102230246251565e-16,0.37616799960525016,0.26523425849027543,0.11093374111497473,0.30942512106794284,0.21017943109145878,0.275,0.2751831501831502,1.8383910352738346
3560,analcatdata_dmft,openml_repeat0_fold0_sample0,cos_fpde,ok,,7,7,21,573,144,80,6,3,1,1,0.37616799960525016,0.004284929999982978,0.8953649419886845,0.7212212398726983,,0.0,0.37616799960525016,0.25968649144158484,0.11648150816366531,0.3003843508466392,0.20843292950515227,0.275,0.2751831501831502,1.8383910352738346
3560,analcatdata_dmft,openml_repeat0_fold0_sample0,hyb_fpde_grid,ok,,7,7,21,573,144,80,6,3,1,1,0.37616799960525016,0.006684578000033525,1.0,0.8055053376010033,0.0,-2.220446049250313e-16,0.37616799960525016,0.25968649144158484,0.11648150816366531,0.3003843508466392,0.20843292950515227,0.275,0.2751831501831502,1.8383910352738346
3560,analcatdata_dmft,openml_repeat0_fold0_sample0,shap,ok,,7,7,21,573,144,80,6,3,1,1,0.37616799960525016,0.21802374200001395,1.3639574846170535,,,,0.37616799960525016,0.1672372729619815,0.20893072664326867,0.30182007002165684,0.25537539833246276,0.275,0.2751831501831502,1.8383910352738346
3560,analcatdata_dmft,openml_repeat0_fold0_sample0,lime,ok,,7,7,21,573,144,80,6,3,1,1,0.37616799960525016,0.016356702999985373,0.16738336474611074,,,,0.37616799960525016,0.34644560489010173,0.029722394715148426,0.16618220236995906,0.09795229854255375,0.275,0.2751831501831502,1.8383910352738346
3560,analcatdata_dmft,openml_repeat0_fold0_sample0,aime,ok,,7,7,21,573,144,80,6,3,1,1,0.37616799960525016,0.005541334999975334,2.9662176502693693,,,,0.37616799960525016,0.2189738640308223,0.15719413557442785,0.3001525625686504,0.22867334907153913,0.275,0.2751831501831502,1.8383910352738346
3560,analcatdata_dmft,openml_repeat0_fold0_sample0,diff_fpde,ok,,8,8,21,573,144,80,6,3,2,2,0.3945415629600365,0.004266044999951646,0.5144762866641418,-0.06781351650013043,,-8.326672684688674e-17,0.3945415629600365,0.21691323069278784,0.17762833226724867,0.2569052632185295,0.2172667977428891,0.275,0.2751831501831502,1.8383910352738346
3560,analcatdata_dmft,openml_repeat0_fold0_sample0,cos_fpde,ok,,8,8,21,573,144,80,6,3,2,2,0.3945415629600365,0.004362686000035865,0.727172983527373,-0.06725411813743098,,0.0,0.3945415629600365,0.21979258740797475,0.17474897555206176,0.26666656009334777,0.22070776782270476,0.275,0.2751831501831502,1.8383910352738346
3560,analcatdata_dmft,openml_repeat0_fold0_sample0,hyb_fpde_grid,ok,,8,8,21,573,144,80,6,3,2,2,0.3945415629600365,0.006704554999998891,1.0,-0.09248709682694001,0.0,-2.7755575615628914e-17,0.3945415629600365,0.21979258740797475,0.17474897555206176,0.26666656009334777,0.22070776782270476,0.275,0.2751831501831502,1.8383910352738346
3560,analcatdata_dmft,openml_repeat0_fold0_sample0,shap,ok,,8,8,21,573,144,80,6,3,2,2,0.3945415629600365,0.21399689600002603,1.8104946158194952,,,,0.3945415629600365,0.2767515118559397,0.1177900511040968,0.35944792953225835,0.23861899031817757,0.275,0.2751831501831502,1.8383910352738346
3560,analcatdata_dmft,openml_repeat0_fold0_sample0,lime,ok,,8,8,21,573,144,80,6,3,2,2,0.3945415629600365,0.01616917100000137,0.14025229412882906,,,,0.3945415629600365,0.3509112378546811,0.043630325105355416,0.21923875170678148,0.13143453840606845,0.275,0.2751831501831502,1.8383910352738346
3560,analcatdata_dmft,openml_repeat0_fold0_sample0,aime,ok,,8,8,21,573,144,80,6,3,2,2,0.3945415629600365,0.005611576000035257,5.902417234395871,,,,0.3945415629600365,0.23737229652617728,0.15716926643385923,0.2885434832602635,0.2228563748470614,0.275,0.2751831501831502,1.8383910352738346
3560,analcatdata_dmft,openml_repeat0_fold0_sample0,diff_fpde,ok,,9,9,21,573,144,80,6,3,3,3,0.23234285448481207,0.004331126000010954,0.5716490314258136,0.10424168679507712,,2.7755575615628914e-16,0.23234285448481207,0.18997539309523526,0.04236746138957681,0.30438143146712454,0.17337444642835068,0.275,0.2751831501831502,1.8383910352738346
3560,analcatdata_dmft,openml_repeat0_fold0_sample0,cos_fpde,ok,,9,9,21,573,144,80,6,3,3,3,0.23234285448481207,0.0043711219999522655,1.048256707495399,0.3180633230171509,,-5.551115123125783e-17,0.23234285448481207,0.16224955335065225,0.07009330113415982,0.3165080796349945,0.19330069038457715,0.275,0.2751831501831502,1.8383910352738346
3560,analcatdata_dmft,openml_repeat0_fold0_sample0,hyb_fpde_grid,ok,,9,9,21,573,144,80,6,3,3,3,0.23234285448481207,0.006756101000007675,1.0,0.30342121423396384,0.0,1.1102230246251565e-16,0.23234285448481207,0.16224955335065225,0.07009330113415982,0.3165080796349945,0.19330069038457715,0.275,0.2751831501831502,1.8383910352738346
3560,analcatdata_dmft,openml_repeat0_fold0_sample0,shap,ok,,9,9,21,573,144,80,6,3,3,3,0.23234285448481207,0.219123642999989,1.1879414687444143,,,,0.23234285448481207,0.1206936009132019,0.11164925357161017,0.29494231664947124,0.2032957851105407,0.275,0.2751831501831502,1.8383910352738346
3560,analcatdata_dmft,openml_repeat0_fold0_sample0,lime,ok,,9,9,21,573,144,80,6,3,3,3,0.23234285448481207,0.018585771000005025,0.14007786350897045,,,,0.23234285448481207,0.3216541234929526,-0.08931126900814051,0.10581050093936684,0.00824961596561316,0.275,0.2751831501831502,1.8383910352738346
3560,analcatdata_dmft,openml_repeat0_fold0_sample0,aime,ok,,9,9,21,573,144,80,6,3,3,3,0.23234285448481207,0.005580848999954924,7.512716761991692,,,,0.23234285448481207,0.18574360042776536,0.04659925405704671,0.3062284919672428,0.17641387301214473,0.275,0.2751831501831502,1.8383910352738346
3560,analcatdata_dmft,openml_repeat0_fold0_sample0,diff_fpde,ok,,10,10,21,573,144,80,6,3,0,0,0.3277271343060706,0.004311179000012544,0.6203974589229224,0.15244629347091965,,6.661338147750939e-16,0.3277271343060706,0.24453383657147054,0.08319329773460005,0.21454268757465844,0.14886799265462924,0.275,0.2751831501831502,1.8383910352738346
3560,analcatdata_dmft,openml_repeat0_fold0_sample0,cos_fpde,ok,,10,10,21,573,144,80,6,3,0,0,0.3277271343060706,0.004357034999998177,1.1112707475713277,0.25609160867371417,,2.220446049250313e-16,0.3277271343060706,0.24344884296954689,0.0842782913365237,0.2178366163559975,0.1510574538462606,0.275,0.2751831501831502,1.8383910352738346
3560,analcatdata_dmft,openml_repeat0_fold0_sample0,hyb_fpde_grid,ok,,10,10,21,573,144,80,6,3,0,0,0.3277271343060706,0.006705124999996315,1.0000000000000002,0.2304493385013508,0.0,-1.1102230246251565e-16,0.3277271343060706,0.24344884296954689,0.0842782913365237,0.2178366163559975,0.1510574538462606,0.275,0.2751831501831502,1.8383910352738346
3560,analcatdata_dmft,openml_repeat0_fold0_sample0,shap,ok,,10,10,21,573,144,80,6,3,0,0,0.3277271343060706,0.2141413870000406,1.3217930912697318,,,,0.3277271343060706,0.19905692964778213,0.12867020465828846,0.2963328205014174,0.21250151257985295,0.275,0.2751831501831502,1.8383910352738346
3560,analcatdata_dmft,openml_repeat0_fold0_sample0,lime,ok,,10,10,21,573,144,80,6,3,0,0,0.3277271343060706,0.01619135299995378,0.09940751864031355,,,,0.3277271343060706,0.25541498692986997,0.07231214737620062,0.1554359891817668,0.1138740682789837,0.275,0.2751831501831502,1.8383910352738346
3560,analcatdata_dmft,openml_repeat0_fold0_sample0,aime,ok,,10,10,21,573,144,80,6,3,0,0,0.3277271343060706,0.005536155000015697,3.281684706759398,,,,0.3277271343060706,0.22283616040352863,0.10489097390254196,0.27138320214890554,0.18813708802572376,0.275,0.2751831501831502,1.8383910352738346
3560,analcatdata_dmft,openml_repeat0_fold0_sample0,diff_fpde,ok,,11,11,21,573,144,80,6,3,2,2,0.3090201914221515,0.004265153000005739,0.5125485465265793,-0.04434285482722159,,-2.5673907444456745e-16,0.3090201914221515,0.20840085513741496,0.10061933628473652,0.2696366693888475,0.185128002836792,0.275,0.2751831501831502,1.8383910352738346
3560,analcatdata_dmft,openml_repeat0_fold0_sample0,cos_fpde,ok,,11,11,21,573,144,80,6,3,2,2,0.3090201914221515,0.004334022000023197,0.716005580676998,-0.047008134396407594,,6.938893903907228e-17,0.3090201914221515,0.2132183416038425,0.09580184981830897,0.2847945339179181,0.19029819186811353,0.275,0.2751831501831502,1.8383910352738346
3560,analcatdata_dmft,openml_repeat0_fold0_sample0,hyb_fpde_grid,ok,,11,11,21,573,144,80,6,3,2,2,0.3090201914221515,0.006705487000033372,0.9999999999999998,-0.06565330727165619,0.0,2.7755575615628914e-17,0.3090201914221515,0.2132183416038425,0.09580184981830897,0.2847945339179181,0.19029819186811353,0.275,0.2751831501831502,1.8383910352738346
3560,analcatdata_dmft,openml_repeat0_fold0_sample0,shap,ok,,11,11,21,573,144,80,6,3,2,2,0.3090201914221515,0.22425149299999703,1.9352923137969231,,,,0.3090201914221515,0.1507908449647469,0.15822934645740458,0.40421466398474604,0.2812220052210753,0.275,0.2751831501831502,1.8383910352738346
3560,analcatdata_dmft,openml_repeat0_fold0_sample0,lime,ok,,11,11,21,573,144,80,6,3,2,2,0.3090201914221515,0.016397127999994154,0.13311583261830764,,,,0.3090201914221515,0.4011964560323142,-0.0921762646101627,0.14236300484979098,0.025093370119814135,0.275,0.2751831501831502,1.8383910352738346
3560,analcatdata_dmft,openml_repeat0_fold0_sample0,aime,ok,,11,11,21,573,144,80,6,3,2,2,0.3090201914221515,0.005543217999957051,3.466066811382797,,,,0.3090201914221515,0.2375200855145953,0.07150010590755618,0.29134725045730847,0.18142367818243232,0.275,0.2751831501831502,1.8383910352738346
3560,analcatdata_dmft,openml_repeat0_fold0_sample0,diff_fpde,ok,,12,12,21,573,144,80,6,3,3,3,0.28949889003915197,0.004244705000019167,0.5507694113219307,-0.017854164713489412,,8.049116928532385e-16,0.28949889003915197,0.15307309178171286,0.1364257982574391,0.2958728653830972,0.21614933182026816,0.275,0.2751831501831502,1.8383910352738346
3560,analcatdata_dmft,openml_repeat0_fold0_sample0,cos_fpde,ok,,12,12,21,573,144,80,6,3,3,3,0.28949889003915197,0.004300519000025815,0.9345943843940493,-0.10661065132992464,,4.163336342344337e-17,0.28949889003915197,0.13928568474465372,0.15021320529449825,0.27826199411446917,0.2142375997044837,0.275,0.2751831501831502,1.8383910352738346
3560,analcatdata_dmft,openml_repeat0_fold0_sample0,hyb_fpde_grid,ok,,12,12,21,573,144,80,6,3,3,3,0.28949889003915197,0.006695657999955529,1.0,-0.11407157277009156,0.0,-6.938893903907228e-17,0.28949889003915197,0.13928568474465372,0.15021320529449825,0.27826199411446917,0.2142375997044837,0.275,0.2751831501831502,1.8383910352738346
3560,analcatdata_dmft,openml_repeat0_fold0_sample0,shap,ok,,12,12,21,573,144,80,6,3,3,3,0.28949889003915197,0.21359862899998916,1.0386655243899339,,,,0.28949889003915197,0.13194140679785907,0.1575574832412929,0.3083985309988403,0.2329780071200666,0.275,0.2751831501831502,1.8383910352738346
3560,analcatdata_dmft,openml_repeat0_fold0_sample0,lime,ok,,12,12,21,573,144,80,6,3,3,3,0.28949889003915197,0.016181635000009464,0.15856962972722297,,,,0.28949889003915197,0.34624726440761794,-0.05674837436846597,0.0952878762600245,0.019269750945779263,0.275,0.2751831501831502,1.8383910352738346
3560,analcatdata_dmft,openml_repeat0_fold0_sample0,aime,ok,,12,12,21,573,144,80,6,3,3,3,0.28949889003915197,0.005482414000027802,3.3009141441326664,,,,0.28949889003915197,0.12033624655218514,0.16916264348696683,0.32115451827690183,0.24515858088193432,0.275,0.2751831501831502,1.8383910352738346
3560,analcatdata_dmft,openml_repeat0_fold0_sample0,diff_fpde,ok,,13,13,21,573,144,80,6,3,0,0,0.26381680201851554,0.004241249000017433,0.5005744524604043,0.37037653194469344,,0.0,0.26381680201851554,0.2065660334814955,0.05725076853702005,0.25331430583609693,0.1552825371865585,0.275,0.2751831501831502,1.8383910352738346
3560,analcatdata_dmft,openml_repeat0_fold0_sample0,cos_fpde,ok,,13,13,21,573,144,80,6,3,0,0,0.26381680201851554,0.004315017000010357,0.8606140280676202,0.6163442401393157,,0.0,0.26381680201851554,0.2065660334814955,0.05725076853702005,0.25331430583609693,0.1552825371865585,0.275,0.2751831501831502,1.8383910352738346
3560,analcatdata_dmft,openml_repeat0_fold0_sample0,hyb_fpde_grid,ok,,13,13,21,573,144,80,6,3,0,0,0.26381680201851554,0.006639273000018875,1.0,0.7161680149732444,0.0,0.0,0.26381680201851554,0.2065660334814955,0.05725076853702005,0.25331430583609693,0.1552825371865585,0.275,0.2751831501831502,1.8383910352738346
3560,analcatdata_dmft,openml_repeat0_fold0_sample0,shap,ok,,13,13,21,573,144,80,6,3,0,0,0.26381680201851554,0.2187245260000168,1.439110896491633,,,,0.26381680201851554,0.1873378796299131,0.07647892238860243,0.31376225751631215,0.1951205899524573,0.275,0.2751831501831502,1.8383910352738346
3560,analcatdata_dmft,openml_repeat0_fold0_sample0,lime,ok,,13,13,21,573,144,80,6,3,0,0,0.26381680201851554,0.01635430900000756,0.0980300417443133,,,,0.26381680201851554,0.3009762114032266,-0.03715940938471107,0.16704792190405948,0.0649442562596742,0.275,0.2751831501831502,1.8383910352738346
3560,analcatdata_dmft,openml_repeat0_fold0_sample0,aime,ok,,13,13,21,573,144,80,6,3,0,0,0.26381680201851554,0.005573625000010907,3.163145831396402,,,,0.26381680201851554,0.24189489924301244,0.0219219027755031,0.27205784747302597,0.14698987512426454,0.275,0.2751831501831502,1.8383910352738346
3560,analcatdata_dmft,openml_repeat0_fold0_sample0,diff_fpde,ok,,14,14,21,573,144,80,6,3,1,1,0.337502935654263,0.004276735000019016,0.6230467836628988,-0.23573142938763453,,-7.216449660063518e-16,0.337502935654263,0.20754270019284407,0.1299602354614189,0.30115803378354733,0.2155591346224831,0.275,0.2751831501831502,1.8383910352738346
3560,analcatdata_dmft,openml_repeat0_fold0_sample0,cos_fpde,ok,,14,14,21,573,144,80,6,3,1,1,0.337502935654263,0.004356644999973014,1.1011120107440897,-0.3895106320980365,,5.551115123125783e-17,0.337502935654263,0.20407100840744652,0.13343192724681646,0.29964387791944624,0.21653790258313135,0.275,0.2751831501831502,1.8383910352738346
3560,analcatdata_dmft,openml_repeat0_fold0_sample0,hyb_fpde_grid,ok,,14,14,21,573,144,80,6,3,1,1,0.337502935654263,0.006716286000028049,1.0000000000000002,-0.3537429691960402,0.0,5.551115123125783e-17,0.337502935654263,0.20407100840744652,0.13343192724681646,0.29964387791944624,0.21653790258313135,0.275,0.2751831501831502,1.8383910352738346
3560,analcatdata_dmft,openml_repeat0_fold0_sample0,shap,ok,,14,14,21,573,144,80,6,3,1,1,0.337502935654263,0.21370139199996174,1.663024620908178,,,,0.337502935654263,0.1968979473542307,0.1406049883000323,0.2791981158894905,0.2099015520947614,0.275,0.2751831501831502,1.8383910352738346
3560,analcatdata_dmft,openml_repeat0_fold0_sample0,lime,ok,,14,14,21,573,144,80,6,3,1,1,0.337502935654263,0.016475095000032525,0.15192358100456313,,,,0.337502935654263,0.33927990655917994,-0.0017769709049169635,0.1692605073176574,0.08374176820637022,0.275,0.2751831501831502,1.8383910352738346
3560,analcatdata_dmft,openml_repeat0_fold0_sample0,aime,ok,,14,14,21,573,144,80,6,3,1,1,0.337502935654263,0.005559669000035683,5.346434554709082,,,,0.337502935654263,0.24032468122285172,0.09717825443141126,0.2723454070508941,0.18476183074115268,0.275,0.2751831501831502,1.8383910352738346
3560,analcatdata_dmft,openml_repeat0_fold0_sample0,diff_fpde,ok,,15,15,21,573,144,80,6,3,5,5,0.2602932705408407,0.004271705000007842,0.4352708926575859,-0.13468336240124268,,4.440892098500626e-16,0.2602932705408407,0.14283505864833526,0.11745821189250547,0.23362583068381834,0.1755420212881619,0.275,0.2751831501831502,1.8383910352738346
3560,analcatdata_dmft,openml_repeat0_fold0_sample0,cos_fpde,ok,,15,15,21,573,144,80,6,3,5,5,0.2602932705408407,0.004355171999975482,0.6098998687802628,-0.189350920085884,,0.0,0.2602932705408407,0.14664975441594946,0.11364351612489126,0.21610720546619988,0.16487536079554557,0.275,0.2751831501831502,1.8383910352738346
3560,analcatdata_dmft,openml_repeat0_fold0_sample0,hyb_fpde_grid,ok,,15,15,21,573,144,80,6,3,5,5,0.2602932705408407,0.006713852000018505,1.0000000000000002,-0.3104623066480837,0.0,5.551115123125783e-17,0.2602932705408407,0.14664975441594946,0.11364351612489126,0.21610720546619988,0.16487536079554557,0.275,0.2751831501831502,1.8383910352738346
3560,analcatdata_dmft,openml_repeat0_fold0_sample0,shap,ok,,15,15,21,573,144,80,6,3,5,5,0.2602932705408407,0.21463468100000682,1.7886897193637872,,,,0.2602932705408407,0.10063580453559658,0.15965746600524416,0.27607745230896125,0.2178674591571027,0.275,0.2751831501831502,1.8383910352738346
3560,analcatdata_dmft,openml_repeat0_fold0_sample0,lime,ok,,15,15,21,573,144,80,6,3,5,5,0.2602932705408407,0.016831972999966638,0.14836179764073054,,,,0.2602932705408407,0.2984199803266637,-0.038126709785823,0.09919419135284396,0.030533740783510482,0.275,0.2751831501831502,1.8383910352738346
3560,analcatdata_dmft,openml_repeat0_fold0_sample0,aime,ok,,15,15,21,573,144,80,6,3,5,5,0.2602932705408407,0.0055805980000513955,3.9253070882944336,,,,0.2602932705408407,0.1247445834481464,0.13554868709269433,0.23204678510186993,0.18379773609728212,0.275,0.2751831501831502,1.8383910352738346
3560,analcatdata_dmft,openml_repeat0_fold0_sample0,diff_fpde,ok,,16,16,21,573,144,80,6,2,1,1,0.28747167269212676,0.0042955099999630875,0.46938161348559826,-0.10178116912158523,,2.914335439641036e-16,0.28747167269212676,0.0914351251451736,0.19603654754695315,0.2580997378949071,0.22706814272093012,0.275,0.2751831501831502,1.8383910352738346
3560,analcatdata_dmft,openml_repeat0_fold0_sample0,cos_fpde,ok,,16,16,21,573,144,80,6,2,1,1,0.28747167269212676,0.0043619950000106655,0.6967567131164599,-0.1600691041880464,,-2.7755575615628914e-17,0.28747167269212676,0.09119893816821337,0.1962727345239134,0.2561602536250406,0.22621649407447697,0.275,0.2751831501831502,1.8383910352738346
3560,analcatdata_dmft,openml_repeat0_fold0_sample0,hyb_fpde_grid,ok,,16,16,21,573,144,80,6,2,1,1,0.28747167269212676,0.0067848250000110966,1.0000000000000002,-0.2297345704386367,0.0,8.326672684688674e-17,0.28747167269212676,0.09119893816821337,0.1962727345239134,0.2561602536250406,0.22621649407447697,0.275,0.2751831501831502,1.8383910352738346
3560,analcatdata_dmft,openml_repeat0_fold0_sample0,shap,ok,,16,16,21,573,144,80,6,2,1,1,0.28747167269212676,0.21400056300001324,1.218713907575869,,,,0.28747167269212676,0.06829168367377572,0.21917998901835103,0.29632297013359854,0.2577514795759748,0.275,0.2751831501831502,1.8383910352738346
3560,analcatdata_dmft,openml_repeat0_fold0_sample0,lime,ok,,16,16,21,573,144,80,6,2,1,1,0.28747167269212676,0.016372371999977986,0.1662474275358801,,,,0.28747167269212676,0.3440204437251455,-0.05654877103301875,0.08024159612330657,0.01184641254514391,0.275,0.2751831501831502,1.8383910352738346
3560,analcatdata_dmft,openml_repeat0_fold0_sample0,aime,ok,,16,16,21,573,144,80,6,2,1,1,0.28747167269212676,0.005947014000014406,6.7813789654523955,,,,0.28747167269212676,0.06706842849430261,0.22040324419782414,0.2826860205181826,0.2515446323580034,0.275,0.2751831501831502,1.8383910352738346
3560,analcatdata_dmft,openml_repeat0_fold0_sample0,diff_fpde,ok,,17,17,21,573,144,80,6,2,4,4,0.34699178293592314,0.004314245000045958,0.8760623561001581,0.7059597334348653,,4.440892098500626e-16,0.34699178293592314,0.1413154009562474,0.20567638197967575,0.3355370727988073,0.2706067273892415,0.275,0.2751831501831502,1.8383910352738346
3560,analcatdata_dmft,openml_repeat0_fold0_sample0,cos_fpde,ok,,17,17,21,573,144,80,6,2,4,4,0.34699178293592314,0.004340345000002799,1.243470074762158,0.9833719499203404,,-1.1102230246251565e-16,0.34699178293592314,0.13272855942149736,0.21426322351442578,0.32044292640885275,0.2673530749616393,0.275,0.2751831501831502,1.8383910352738346
3560,analcatdata_dmft,openml_repeat0_fold0_sample0,hyb_fpde_grid,ok,,17,17,21,573,144,80,6,2,4,4,0.34699178293592314,0.006754717999967852,1.0,0.7908288023002343,0.0,0.0,0.34699178293592314,0.13272855942149736,0.21426322351442578,0.32044292640885275,0.2673530749616393,0.275,0.2751831501831502,1.8383910352738346
3560,analcatdata_dmft,openml_repeat0_fold0_sample0,shap,ok,,17,17,21,573,144,80,6,2,4,4,0.34699178293592314,0.21883501300004582,1.653155234824378,,,,0.34699178293592314,0.10609535275866891,0.24089643017725423,0.27642809961812354,0.2586622648976889,0.275,0.2751831501831502,1.8383910352738346
3560,analcatdata_dmft,openml_repeat0_fold0_sample0,lime,ok,,17,17,21,573,144,80,6,2,4,4,0.34699178293592314,0.01610118399997873,0.14479799601209842,,,,0.34699178293592314,0.3792172726335011,-0.032225489697577936,0.11378302044175334,0.0407787653720877,0.275,0.2751831501831502,1.8383910352738346
3560,analcatdata_dmft,openml_repeat0_fold0_sample0,aime,ok,,17,17,21,573,144,80,6,2,4,4,0.34699178293592314,0.005557104000047275,6.401103897134905,,,,0.34699178293592314,0.1264452601853503,0.22054652275057285,0.3238475778952177,0.27219705032289526,0.275,0.2751831501831502,1.8383910352738346
3560,analcatdata_dmft,openml_repeat0_fold0_sample0,diff_fpde,ok,,18,18,21,573,144,80,6,2,0,0,0.23665960121186358,0.004256116000021848,0.4628058313832,-0.002853841285679823,,-4.163336342344337e-17,0.23665960121186358,0.11774339640994835,0.11891620480191523,0.24708784989220284,0.18300202734705903,0.275,0.2751831501831502,1.8383910352738346
3560,analcatdata_dmft,openml_repeat0_fold0_sample0,cos_fpde,ok,,18,18,21,573,144,80,6,2,0,0,0.23665960121186358,0.0043041060000064135,0.7441466640890718,0.07992798454496622,,0.0,0.23665960121186358,0.1098287963590242,0.12683080485283937,0.24297375427563528,0.18490227956423733,0.275,0.2751831501831502,1.8383910352738346
3560,analcatdata_dmft,openml_repeat0_fold0_sample0,hyb_fpde_grid,ok,,18,18,21,573,144,80,6,2,0,0,0.23665960121186358,0.006661353000026793,0.9999999999999998,0.10740891332598805,0.0,5.551115123125783e-17,0.23665960121186358,0.1098287963590242,0.12683080485283937,0.24297375427563528,0.18490227956423733,0.275,0.2751831501831502,1.8383910352738346
3560,analcatdata_dmft,openml_repeat0_fold0_sample0,shap,ok,,18,18,21,573,144,80,6,2,0,0,0.23665960121186358,0.2142789039999684,1.477857866650118,,,,0.23665960121186358,0.11794971289729092,0.11870988831457266,0.23366531283759417,0.1761876005760834,0.275,0.2751831501831502,1.8383910352738346
3560,analcatdata_dmft,openml_repeat0_fold0_sample0,lime,ok,,18,18,21,573,144,80,6,2,0,0,0.23665960121186358,0.016239041999995152,0.10868306855039193,,,,0.23665960121186358,0.2159731802806884,0.020686420931175176,0.0947413643241713,0.057713892627673236,0.275,0.2751831501831502,1.8383910352738346
3560,analcatdata_dmft,openml_repeat0_fold0_sample0,aime,ok,,18,18,21,573,144,80,6,2,0,0,0.23665960121186358,0.005519875000004504,4.941468611845928,,,,0.23665960121186358,0.11737446623119122,0.11928513498067236,0.24285232515188918,0.18106873006628077,0.275,0.2751831501831502,1.8383910352738346
3560,analcatdata_dmft,openml_repeat0_fold0_sample0,diff_fpde,ok,,19,19,21,573,144,80,6,2,4,4,0.36776025395292755,0.004244112999970184,0.46772799897781603,0.29888705014854355,,7.771561172376096e-16,0.36776025395292755,0.16955849272460127,0.19820176122832628,0.3195180041255046,0.2588598826769154,0.275,0.2751831501831502,1.8383910352738346
3560,analcatdata_dmft,openml_repeat0_fold0_sample0,cos_fpde,ok,,19,19,21,573,144,80,6,2,4,4,0.36776025395292755,0.004340614000000187,0.6341806989378208,0.2729528896110583,,5.551115123125783e-17,0.36776025395292755,0.19298656207356593,0.17477369187936162,0.31027013301322115,0.2425219124462914,0.275,0.2751831501831502,1.8383910352738346
3560,analcatdata_dmft,openml_repeat0_fold0_sample0,hyb_fpde_grid,ok,,19,19,21,573,144,80,6,2,4,4,0.36776025395292755,0.006670639999981631,0.9999999999999999,0.43040239172876554,0.0,0.0,0.36776025395292755,0.19298656207356593,0.17477369187936162,0.31027013301322115,0.2425219124462914,0.275,0.2751831501831502,1.8383910352738346
3560,analcatdata_dmft,openml_repeat0_fold0_sample0,shap,ok,,19,19,21,573,144,80,6,2,4,4,0.36776025395292755,0.2147152729999675,2.1378578705160716,,,,0.36776025395292755,0.0842958899371456,0.28346436401578196,0.3920301967742179,0.3377472803949999,0.275,0.2751831501831502,1.8383910352738346
3560,analcatdata_dmft,openml_repeat0_fold0_sample0,lime,ok,,19,19,21,573,144,80,6,2,4,4,0.36776025395292755,0.016173850000029688,0.1244926133435374,,,,0.36776025395292755,0.3984827700666711,-0.030722516113743548,0.10417281248677648,0.03672514818651647,0.275,0.2751831501831502,1.8383910352738346
3560,analcatdata_dmft,openml_repeat0_fold0_sample0,aime,ok,,19,19,21,573,144,80,6,2,4,4,0.36776025395292755,0.005505307000021276,6.197611440927967,,,,0.36776025395292755,0.1282538492424943,0.23950640471043325,0.30262006052309026,0.27106323261676174,0.275,0.2751831501831502,1.8383910352738346
3560,analcatdata_dmft,openml_repeat0_fold0_sample0,diff_fpde,ok,,20,20,21,573,144,80,6,2,5,5,0.6408497625942573,0.004258090000007542,0.7200374315859511,0.6616025804023767,,1.1102230246251565e-16,0.6408497625942573,0.3358627581375959,0.3049870044566614,0.23749621562833134,0.27124161004249636,0.275,0.2751831501831502,1.8383910352738346
3560,analcatdata_dmft,openml_repeat0_fold0_sample0,cos_fpde,ok,,20,20,21,573,144,80,6,2,5,5,0.6408497625942573,0.004321398999991288,1.0466014183336225,0.9306810414626668,,0.0,0.6408497625942573,0.2991873587625118,0.3416624038317455,0.2384915999599804,0.29007700189586294,0.275,0.2751831501831502,1.8383910352738346
3560,analcatdata_dmft,openml_repeat0_fold0_sample0,hyb_fpde_grid,ok,,20,20,21,573,144,80,6,2,5,5,0.6408497625942573,0.00668026800002508,0.9999999999999998,0.8892411429601139,0.0,0.0,0.6408497625942573,0.2991873587625118,0.3416624038317455,0.2384915999599804,0.29007700189586294,0.275,0.2751831501831502,1.8383910352738346
3560,analcatdata_dmft,openml_repeat0_fold0_sample0,shap,ok,,20,20,21,573,144,80,6,2,5,5,0.6408497625942573,0.21827929099998755,2.3186845342339266,,,,0.6408497625942573,0.2227133890892638,0.4181363735049935,0.4126386689253645,0.41538752121517897,0.275,0.2751831501831502,1.8383910352738346
3560,analcatdata_dmft,openml_repeat0_fold0_sample0,lime,ok,,20,20,21,573,144,80,6,2,5,5,0.6408497625942573,0.016173849999972845,0.15131084636550746,,,,0.6408497625942573,0.5223204062809333,0.11852935631332395,0.1702026705647573,0.14436601343904062,0.275,0.2751831501831502,1.8383910352738346
3560,analcatdata_dmft,openml_repeat0_fold0_sample0,aime,ok,,20,20,21,573,144,80,6,2,5,5,0.6408497625942573,0.005496409999977914,2.32592704934213,,,,0.6408497625942573,0.2876202845352282,0.3532294780590291,0.3634941660887671,0.3583618220738981,0.275,0.2751831501831502,1.8383910352738346
3560,analcatdata_dmft,openml_repeat0_fold0_sample0,diff_fpde,ok,,21,21,21,573,144,80,6,2,5,5,0.6408497625942573,0.0042325720000349065,0.7200374315859511,0.6616025804023767,,1.1102230246251565e-16,0.6408497625942573,0.3358627581375959,0.3049870044566614,0.23749621562833134,0.27124161004249636,0.275,0.2751831501831502,1.8383910352738346
3560,analcatdata_dmft,openml_repeat0_fold0_sample0,cos_fpde,ok,,21,21,21,573,144,80,6,2,5,5,0.6408497625942573,0.0042918539999732275,1.0466014183336225,0.9306810414626668,,0.0,0.6408497625942573,0.2991873587625118,0.3416624038317455,0.2384915999599804,0.29007700189586294,0.275,0.2751831501831502,1.8383910352738346
3560,analcatdata_dmft,openml_repeat0_fold0_sample0,hyb_fpde_grid,ok,,21,21,21,573,144,80,6,2,5,5,0.6408497625942573,0.006673747000036201,0.9999999999999998,0.8892411429601139,0.0,0.0,0.6408497625942573,0.2991873587625118,0.3416624038317455,0.2384915999599804,0.29007700189586294,0.275,0.2751831501831502,1.8383910352738346
3560,analcatdata_dmft,openml_repeat0_fold0_sample0,shap,ok,,21,21,21,573,144,80,6,2,5,5,0.6408497625942573,0.22089763799999673,2.3186845342339266,,,,0.6408497625942573,0.2227133890892638,0.4181363735049935,0.4126386689253645,0.41538752121517897,0.275,0.2751831501831502,1.8383910352738346
3560,analcatdata_dmft,openml_repeat0_fold0_sample0,lime,ok,,21,21,21,573,144,80,6,2,5,5,0.6408497625942573,0.016215898999973888,0.1725774976912064,,,,0.6408497625942573,0.5206644485865773,0.12018531400767996,0.16816844802563202,0.144176881016656,0.275,0.2751831501831502,1.8383910352738346
3560,analcatdata_dmft,openml_repeat0_fold0_sample0,aime,ok,,21,21,21,573,144,80,6,2,5,5,0.6408497625942573,0.005522268000049735,2.32592704934213,,,,0.6408497625942573,0.2876202845352282,0.3532294780590291,0.3634941660887671,0.3583618220738981,0.275,0.2751831501831502,1.8383910352738346
3560,analcatdata_dmft,openml_repeat0_fold0_sample0,diff_fpde,ok,,22,22,21,573,144,80,6,2,3,3,0.37682963585482654,0.004233364000015172,0.6662103544986426,-0.09241151060970845,,8.326672684688674e-17,0.37682963585482654,0.32228011491986513,0.054549520934961404,0.3130308585720451,0.18379018975350325,0.275,0.2751831501831502,1.8383910352738346
3560,analcatdata_dmft,openml_repeat0_fold0_sample0,cos_fpde,ok,,22,22,21,573,144,80,6,2,3,3,0.37682963585482654,0.004354128999978002,1.0487477314354916,-0.04950246058601203,,-4.163336342344337e-17,0.37682963585482654,0.305553399876915,0.07127623597791155,0.32363412441538536,0.19745518019664846,0.275,0.2751831501831502,1.8383910352738346
3560,analcatdata_dmft,openml_repeat0_fold0_sample0,hyb_fpde_grid,ok,,22,22,21,573,144,80,6,2,3,3,0.37682963585482654,0.006656715000019631,0.9999999999999999,-0.04720149479441993,0.0,-3.469446951953614e-17,0.37682963585482654,0.305553399876915,0.07127623597791155,0.32363412441538536,0.19745518019664846,0.275,0.2751831501831502,1.8383910352738346
3560,analcatdata_dmft,openml_repeat0_fold0_sample0,shap,ok,,22,22,21,573,144,80,6,2,3,3,0.37682963585482654,0.22065932100002783,1.3920737372439294,,,,0.37682963585482654,0.2430286351471601,0.13380100070766643,0.3186187260890801,0.22620986339837326,0.275,0.2751831501831502,1.8383910352738346
3560,analcatdata_dmft,openml_repeat0_fold0_sample0,lime,ok,,22,22,21,573,144,80,6,2,3,3,0.37682963585482654,0.016524578000030488,0.15049127466760986,,,,0.37682963585482654,0.3703779715866448,0.006451664268181723,0.21289474545008835,0.10967320485913504,0.275,0.2751831501831502,1.8383910352738346
3560,analcatdata_dmft,openml_repeat0_fold0_sample0,aime,ok,,22,22,21,573,144,80,6,2,3,3,0.37682963585482654,0.005729637999991155,2.2680657243465787,,,,0.37682963585482654,0.2563962692347271,0.12043336662009946,0.3526865843851681,0.23655997550263377,0.275,0.2751831501831502,1.8383910352738346
3560,analcatdata_dmft,openml_repeat0_fold0_sample0,diff_fpde,ok,,23,23,21,573,144,80,6,2,2,2,0.5099359680467828,0.004293115999985275,0.752162088045462,-0.29987991534241576,,-3.3306690738754696e-16,0.5099359680467828,0.09513661266871033,0.41479935537807244,0.3246299510181827,0.3697146531981276,0.275,0.2751831501831502,1.8383910352738346
3560,analcatdata_dmft,openml_repeat0_fold0_sample0,cos_fpde,ok,,23,23,21,573,144,80,6,2,2,2,0.5099359680467828,0.004269752000027438,0.9088741552094854,-0.2955157455093974,,5.551115123125783e-17,0.5099359680467828,0.11280760013346709,0.3971283679133157,0.32632580553224877,0.3617270867227822,0.275,0.2751831501831502,1.8383910352738346
3560,analcatdata_dmft,openml_repeat0_fold0_sample0,hyb_fpde_grid,ok,,23,23,21,573,144,80,6,2,2,2,0.5099359680467828,0.006654720999961228,1.0,-0.3251448441080209,0.0,5.551115123125783e-17,0.5099359680467828,0.11280760013346709,0.3971283679133157,0.32632580553224877,0.3617270867227822,0.275,0.2751831501831502,1.8383910352738346
3560,analcatdata_dmft,openml_repeat0_fold0_sample0,shap,ok,,23,23,21,573,144,80,6,2,2,2,0.5099359680467828,0.21943229099997552,2.477663409448552,,,,0.5099359680467828,0.15654499347685072,0.35339097456993207,0.45137378306655696,0.4023823788182445,0.275,0.2751831501831502,1.8383910352738346
3560,analcatdata_dmft,openml_repeat0_fold0_sample0,lime,ok,,23,23,21,573,144,80,6,2,2,2,0.5099359680467828,0.016595751000011205,0.15725162381346627,,,,0.5099359680467828,0.4478180816101984,0.062117886436584335,0.1593645664788103,0.11074122645769732,0.275,0.2751831501831502,1.8383910352738346
3560,analcatdata_dmft,openml_repeat0_fold0_sample0,aime,ok,,23,23,21,573,144,80,6,2,2,2,0.5099359680467828,0.005519273999993857,4.249412253345814,,,,0.5099359680467828,0.21380994530728886,0.2961260227394939,0.313592935890025,0.30485947931475943,0.275,0.2751831501831502,1.8383910352738346
3560,analcatdata_dmft,openml_repeat0_fold0_sample0,diff_fpde,ok,,24,24,21,573,144,80,6,2,4,4,0.253515100999049,0.004266375000042899,0.8453471176606263,0.2517086846259641,,7.771561172376096e-16,0.253515100999049,0.14744082094655997,0.10607428005248903,0.1470660702415193,0.12657017514700417,0.275,0.2751831501831502,1.8383910352738346
3560,analcatdata_dmft,openml_repeat0_fold0_sample0,cos_fpde,ok,,24,24,21,573,144,80,6,2,4,4,0.253515100999049,0.004307863000008183,1.0465016903175166,0.4164561781870193,,1.1102230246251565e-16,0.253515100999049,0.14275674269557395,0.11075835830347505,0.15345357364521323,0.13210596597434415,0.275,0.2751831501831502,1.8383910352738346
3560,analcatdata_dmft,openml_repeat0_fold0_sample0,hyb_fpde_grid,ok,,24,24,21,573,144,80,6,2,4,4,0.253515100999049,0.00667362699999785,0.9999999999999999,0.39795079362047014,0.0,-1.1102230246251565e-16,0.253515100999049,0.14275674269557395,0.11075835830347505,0.15345357364521323,0.13210596597434415,0.275,0.2751831501831502,1.8383910352738346
3560,analcatdata_dmft,openml_repeat0_fold0_sample0,shap,ok,,24,24,21,573,144,80,6,2,4,4,0.253515100999049,0.2168562439999846,1.669757002796107,,,,0.253515100999049,0.08765618511867826,0.16585891588037074,0.16121780089543591,0.16353835838790332,0.275,0.2751831501831502,1.8383910352738346
3560,analcatdata_dmft,openml_repeat0_fold0_sample0,lime,ok,,24,24,21,573,144,80,6,2,4,4,0.253515100999049,0.01644138199998224,0.11160492840958375,,,,0.253515100999049,0.23051095707762598,0.023004143921423026,0.10869319496402924,0.06584866944272613,0.275,0.2751831501831502,1.8383910352738346
3560,analcatdata_dmft,openml_repeat0_fold0_sample0,aime,ok,,24,24,21,573,144,80,6,2,4,4,0.253515100999049,0.005578754999987723,5.871298208669818,,,,0.253515100999049,0.11520840285399007,0.13830669814505892,0.14670393399170506,0.142505316068382,0.275,0.2751831501831502,1.8383910352738346
3560,analcatdata_dmft,openml_repeat0_fold0_sample0,diff_fpde,ok,,25,25,21,573,144,80,6,2,3,3,0.23234285448481207,0.00427733599997282,0.5716490314258136,0.10424168679507712,,2.7755575615628914e-16,0.23234285448481207,0.18997539309523526,0.04236746138957681,0.30438143146712454,0.17337444642835068,0.275,0.2751831501831502,1.8383910352738346
3560,analcatdata_dmft,openml_repeat0_fold0_sample0,cos_fpde,ok,,25,25,21,573,144,80,6,2,3,3,0.23234285448481207,0.004336075999958666,1.048256707495399,0.3180633230171509,,-5.551115123125783e-17,0.23234285448481207,0.16224955335065225,0.07009330113415982,0.3165080796349945,0.19330069038457715,0.275,0.2751831501831502,1.8383910352738346
3560,analcatdata_dmft,openml_repeat0_fold0_sample0,hyb_fpde_grid,ok,,25,25,21,573,144,80,6,2,3,3,0.23234285448481207,0.006679177000023628,1.0,0.30342121423396384,0.0,1.1102230246251565e-16,0.23234285448481207,0.16224955335065225,0.07009330113415982,0.3165080796349945,0.19330069038457715,0.275,0.2751831501831502,1.8383910352738346
3560,analcatdata_dmft,openml_repeat0_fold0_sample0,shap,ok,,25,25,21,573,144,80,6,2,3,3,0.23234285448481207,0.2183645400000387,1.1879414687444143,,,,0.23234285448481207,0.1206936009132019,0.11164925357161017,0.29494231664947124,0.2032957851105407,0.275,0.2751831501831502,1.8383910352738346
3560,analcatdata_dmft,openml_repeat0_fold0_sample0,lime,ok,,25,25,21,573,144,80,6,2,3,3,0.23234285448481207,0.016396457000041664,0.1484437434994441,,,,0.23234285448481207,0.30807286211308615,-0.07573000762827409,0.11193900229746959,0.01810449733459775,0.275,0.2751831501831502,1.8383910352738346
3560,analcatdata_dmft,openml_repeat0_fold0_sample0,aime,ok,,25,25,21,573,144,80,6,2,3,3,0.23234285448481207,0.0055674029999863706,7.512716761991692,,,,0.23234285448481207,0.18574360042776536,0.04659925405704671,0.3062284919672428,0.17641387301214473,0.275,0.2751831501831502,1.8383910352738346
3560,analcatdata_dmft,openml_repeat0_fold0_sample0,diff_fpde,ok,,26,26,21,573,144,80,6,2,5,5,0.2602932705408407,0.004250485000000026,0.4352708926575859,-0.13468336240124268,,4.440892098500626e-16,0.2602932705408407,0.14283505864833526,0.11745821189250547,0.23362583068381834,0.1755420212881619,0.275,0.2751831501831502,1.8383910352738346
3560,analcatdata_dmft,openml_repeat0_fold0_sample0,cos_fpde,ok,,26,26,21,573,144,80,6,2,5,5,0.2602932705408407,0.004308885000000373,0.6098998687802628,-0.189350920085884,,0.0,0.2602932705408407,0.14664975441594946,0.11364351612489126,0.21610720546619988,0.16487536079554557,0.275,0.2751831501831502,1.8383910352738346
3560,analcatdata_dmft,openml_repeat0_fold0_sample0,hyb_fpde_grid,ok,,26,26,21,573,144,80,6,2,5,5,0.2602932705408407,0.006693733999952656,1.0000000000000002,-0.3104623066480837,0.0,5.551115123125783e-17,0.2602932705408407,0.14664975441594946,0.11364351612489126,0.21610720546619988,0.16487536079554557,0.275,0.2751831501831502,1.8383910352738346
3560,analcatdata_dmft,openml_repeat0_fold0_sample0,shap,ok,,26,26,21,573,144,80,6,2,5,5,0.2602932705408407,0.21703691299995853,1.7886897193637872,,,,0.2602932705408407,0.10063580453559658,0.15965746600524416,0.27607745230896125,0.2178674591571027,0.275,0.2751831501831502,1.8383910352738346
3560,analcatdata_dmft,openml_repeat0_fold0_sample0,lime,ok,,26,26,21,573,144,80,6,2,5,5,0.2602932705408407,0.015965800000003583,0.12362679851395444,,,,0.2602932705408407,0.31322812301173536,-0.05293485247089463,0.10607407549513234,0.026569611512118854,0.275,0.2751831501831502,1.8383910352738346
3560,analcatdata_dmft,openml_repeat0_fold0_sample0,aime,ok,,26,26,21,573,144,80,6,2,5,5,0.2602932705408407,0.005569837999985339,3.9253070882944336,,,,0.2602932705408407,0.1247445834481464,0.13554868709269433,0.23204678510186993,0.18379773609728212,0.275,0.2751831501831502,1.8383910352738346
3560,analcatdata_dmft,openml_repeat0_fold0_sample0,diff_fpde,ok,,27,27,21,573,144,80,6,2,5,5,0.2756864687534366,0.004687765000028321,0.8189641127183569,0.6315858017591306,,1.1102230246251565e-16,0.2756864687534366,0.15773827813444158,0.11794819061899503,0.17572671042921145,0.14683745052410324,0.275,0.2751831501831502,1.8383910352738346
3560,analcatdata_dmft,openml_repeat0_fold0_sample0,cos_fpde,ok,,27,27,21,573,144,80,6,2,5,5,0.2756864687534366,0.004336537000028784,1.1404172437349178,0.8829626126098801,,0.0,0.2756864687534366,0.15904012308602078,0.11664634566741583,0.1647108214232327,0.14067858354532425,0.275,0.2751831501831502,1.8383910352738346
3560,analcatdata_dmft,openml_repeat0_fold0_sample0,hyb_fpde_grid,ok,,27,27,21,573,144,80,6,2,5,5,0.2756864687534366,0.006681291000006695,0.9999999999999998,0.7742452312612687,0.0,0.0,0.2756864687534366,0.15904012308602078,0.11664634566741583,0.1647108214232327,0.14067858354532425,0.275,0.2751831501831502,1.8383910352738346
3560,analcatdata_dmft,openml_repeat0_fold0_sample0,shap,ok,,27,27,21,573,144,80,6,2,5,5,0.2756864687534366,0.21766599099998984,1.6956318567554782,,,,0.2756864687534366,0.12898127288343128,0.14670519587000533,0.2601355361995091,0.20342036603475722,0.275,0.2751831501831502,1.8383910352738346
3560,analcatdata_dmft,openml_repeat0_fold0_sample0,lime,ok,,27,27,21,573,144,80,6,2,5,5,0.2756864687534366,0.01604282499999954,0.13606123287056163,,,,0.2756864687534366,0.3004962445447417,-0.02480977579130511,0.12124059362664022,0.048215408917667554,0.275,0.2751831501831502,1.8383910352738346
3560,analcatdata_dmft,openml_repeat0_fold0_sample0,aime,ok,,27,27,21,573,144,80,6,2,5,5,0.2756864687534366,0.0055058280000253035,2.2267471992543184,,,,0.2756864687534366,0.16433922975627346,0.11134723899716314,0.20260610895483827,0.1569766739760007,0.275,0.2751831501831502,1.8383910352738346
3560,analcatdata_dmft,openml_repeat0_fold0_sample0,diff_fpde,ok,,28,28,21,573,144,80,6,4,3,3,0.43952295872878666,0.004286863999993784,0.5092791890990089,0.007888789690591563,,5.273559366969494e-16,0.43952295872878666,0.3168830899230803,0.12263986880570638,0.3286476349926526,0.22564375189917948,0.275,0.2751831501831502,1.8383910352738346
3560,analcatdata_dmft,openml_repeat0_fold0_sample0,cos_fpde,ok,,28,28,21,573,144,80,6,4,3,3,0.43952295872878666,0.004345413000010012,0.9380154621511964,0.034538622525021156,,8.326672684688674e-17,0.43952295872878666,0.2833746175967064,0.15614834113208026,0.34143713045775864,0.24879273579491945,0.275,0.2751831501831502,1.8383910352738346
3560,analcatdata_dmft,openml_repeat0_fold0_sample0,hyb_fpde_grid,ok,,28,28,21,573,144,80,6,4,3,3,0.43952295872878666,0.006675830999995469,1.0,0.036820952232292634,0.0,-6.245004513516506e-17,0.43952295872878666,0.2833746175967064,0.15614834113208026,0.34143713045775864,0.24879273579491945,0.275,0.2751831501831502,1.8383910352738346
3560,analcatdata_dmft,openml_repeat0_fold0_sample0,shap,ok,,28,28,21,573,144,80,6,4,3,3,0.43952295872878666,0.21756344900001068,1.3141238296016406,,,,0.43952295872878666,0.2585635632258776,0.18095939550290907,0.33943724901578043,0.26019832225934475,0.275,0.2751831501831502,1.8383910352738346
3560,analcatdata_dmft,openml_repeat0_fold0_sample0,lime,ok,,28,28,21,573,144,80,6,4,3,3,0.43952295872878666,0.01628571000003376,0.14992482033820942,,,,0.43952295872878666,0.35059234782900023,0.08893061089978643,0.18719024137678753,0.13806042613828698,0.275,0.2751831501831502,1.8383910352738346
3560,analcatdata_dmft,openml_repeat0_fold0_sample0,aime,ok,,28,28,21,573,144,80,6,4,3,3,0.43952295872878666,0.00549984700001005,2.3931610059695103,,,,0.43952295872878666,0.26639520553724294,0.17312775319154372,0.3171846478095146,0.24515620050052916,0.275,0.2751831501831502,1.8383910352738346
3560,analcatdata_dmft,openml_repeat0_fold0_sample0,diff_fpde,ok,,29,29,21,573,144,80,6,4,5,5,0.35850710393062307,0.00428790600000184,0.9182196629388338,0.4674225847277883,,3.3306690738754696e-16,0.35850710393062307,0.17312797487588324,0.18537912905473983,0.19195993158956912,0.18866953032215447,0.275,0.2751831501831502,1.8383910352738346
3560,analcatdata_dmft,openml_repeat0_fold0_sample0,cos_fpde,ok,,29,29,21,573,144,80,6,4,5,5,0.35850710393062307,0.004333981999991465,1.3023342729990182,0.6719450693234159,,-2.220446049250313e-16,0.35850710393062307,0.1595030667651316,0.19900403716549148,0.21193044377283776,0.20546724046916462,0.275,0.2751831501831502,1.8383910352738346
3560,analcatdata_dmft,openml_repeat0_fold0_sample0,hyb_fpde_grid,ok,,29,29,21,573,144,80,6,4,5,5,0.35850710393062307,0.0067397909999726835,0.9999999999999999,0.5159543776545628,0.0,0.0,0.35850710393062307,0.1595030667651316,0.19900403716549148,0.21193044377283776,0.20546724046916462,0.275,0.2751831501831502,1.8383910352738346
3560,analcatdata_dmft,openml_repeat0_fold0_sample0,shap,ok,,29,29,21,573,144,80,6,4,5,5,0.35850710393062307,0.22196240300002046,1.8535322529126315,,,,0.35850710393062307,0.15405186547971372,0.20445523845090935,0.28581254190330124,0.2451338901771053,0.275,0.2751831501831502,1.8383910352738346
3560,analcatdata_dmft,openml_repeat0_fold0_sample0,lime,ok,,29,29,21,573,144,80,6,4,5,5,0.35850710393062307,0.016438235000009627,0.1456055377479497,,,,0.35850710393062307,0.3338113460989023,0.024695757831720788,0.13328924355654256,0.07899250069413168,0.275,0.2751831501831502,1.8383910352738346
3560,analcatdata_dmft,openml_repeat0_fold0_sample0,aime,ok,,29,29,21,573,144,80,6,4,5,5,0.35850710393062307,0.005591338000044743,2.4441066654861823,,,,0.35850710393062307,0.18551795831828796,0.1729891456123351,0.24363043780022586,0.2083097917062805,0.275,0.2751831501831502,1.8383910352738346
3560,analcatdata_dmft,openml_repeat0_fold0_sample0,diff_fpde,ok,,30,30,21,573,144,80,6,4,4,4,0.4627999551739156,0.004264531999979226,0.42589132995490553,0.22075357212358437,,5.551115123125783e-16,0.4627999551739156,0.2162969129707526,0.246503042203163,0.40154201703946135,0.32402252962131217,0.275,0.2751831501831502,1.8383910352738346
3560,analcatdata_dmft,openml_repeat0_fold0_sample0,cos_fpde,ok,,30,30,21,573,144,80,6,4,4,4,0.4627999551739156,0.004344200999980785,0.6035093997398563,0.16402001287748258,,0.0,0.4627999551739156,0.19641421796264164,0.26638573721127395,0.38742610422743606,0.326905920719355,0.275,0.2751831501831502,1.8383910352738346
3560,analcatdata_dmft,openml_repeat0_fold0_sample0,hyb_fpde_grid,ok,,30,30,21,573,144,80,6,4,4,4,0.4627999551739156,0.00672381999999061,1.0,0.27177706419847586,0.0,-5.551115123125783e-17,0.4627999551739156,0.2031702050371118,0.2596297501368038,0.38741699722235623,0.32352337367958,0.275,0.2751831501831502,1.8383910352738346
3560,analcatdata_dmft,openml_repeat0_fold0_sample0,shap,ok,,30,30,21,573,144,80,6,4,4,4,0.4627999551739156,0.21910350599995354,1.6295671424571072,,,,0.4627999551739156,0.1277390213972782,0.33506093377663737,0.35152990039909543,0.3432954170878664,0.275,0.2751831501831502,1.8383910352738346
3560,analcatdata_dmft,openml_repeat0_fold0_sample0,lime,ok,,30,30,21,573,144,80,6,4,4,4,0.4627999551739156,0.016540637999980845,0.14131235499848238,,,,0.4627999551739156,0.3673071797418017,0.09549277543211387,0.12998277661423574,0.11273777602317481,0.275,0.2751831501831502,1.8383910352738346
3560,analcatdata_dmft,openml_repeat0_fold0_sample0,aime,ok,,30,30,21,573,144,80,6,4,4,4,0.4627999551739156,0.0055353630000354315,3.90321107205893,,,,0.4627999551739156,0.2031354568051993,0.2596644983687163,0.3691490413922609,0.3144067698804886,0.275,0.2751831501831502,1.8383910352738346
3560,analcatdata_dmft,openml_repeat0_fold0_sample0,diff_fpde,ok,,31,31,21,573,144,80,6,4,4,4,0.253515100999049,0.004232462000004489,0.8453471176606263,0.2517086846259641,,7.771561172376096e-16,0.253515100999049,0.14744082094655997,0.10607428005248903,0.1470660702415193,0.12657017514700417,0.275,0.2751831501831502,1.8383910352738346
3560,analcatdata_dmft,openml_repeat0_fold0_sample0,cos_fpde,ok,,31,31,21,573,144,80,6,4,4,4,0.253515100999049,0.004292894999991859,1.0465016903175166,0.4164561781870193,,1.1102230246251565e-16,0.253515100999049,0.14275674269557395,0.11075835830347505,0.15345357364521323,0.13210596597434415,0.275,0.2751831501831502,1.8383910352738346
3560,analcatdata_dmft,openml_repeat0_fold0_sample0,hyb_fpde_grid,ok,,31,31,21,573,144,80,6,4,4,4,0.253515100999049,0.006686029999968923,0.9999999999999999,0.39795079362047014,0.0,-1.1102230246251565e-16,0.253515100999049,0.14275674269557395,0.11075835830347505,0.15345357364521323,0.13210596597434415,0.275,0.2751831501831502,1.8383910352738346
3560,analcatdata_dmft,openml_repeat0_fold0_sample0,shap,ok,,31,31,21,573,144,80,6,4,4,4,0.253515100999049,0.216704180000022,1.669757002796107,,,,0.253515100999049,0.08765618511867826,0.16585891588037074,0.16121780089543591,0.16353835838790332,0.275,0.2751831501831502,1.8383910352738346
3560,analcatdata_dmft,openml_repeat0_fold0_sample0,lime,ok,,31,31,21,573,144,80,6,4,4,4,0.253515100999049,0.016110281000010218,0.12839037121065486,,,,0.253515100999049,0.2607686323864916,-0.007253531387442613,0.10281757526295887,0.04778202193775813,0.275,0.2751831501831502,1.8383910352738346
3560,analcatdata_dmft,openml_repeat0_fold0_sample0,aime,ok,,31,31,21,573,144,80,6,4,4,4,0.253515100999049,0.005533469999988938,5.871298208669818,,,,0.253515100999049,0.11520840285399007,0.13830669814505892,0.14670393399170506,0.142505316068382,0.275,0.2751831501831502,1.8383910352738346
3560,analcatdata_dmft,openml_repeat0_fold0_sample0,diff_fpde,ok,,32,32,21,573,144,80,6,4,2,2,0.25317246028255774,0.004257537999990291,0.9819014397592425,-0.5709934680756472,,4.440892098500626e-16,0.25317246028255774,0.18114419739711737,0.07202826288544037,0.21108034893285255,0.14155430590914647,0.275,0.2751831501831502,1.8383910352738346
3560,analcatdata_dmft,openml_repeat0_fold0_sample0,cos_fpde,ok,,32,32,21,573,144,80,6,4,2,2,0.25317246028255774,0.00432386300002463,1.402148938222373,-0.8070416923165361,,0.0,0.25317246028255774,0.17366762295784327,0.07950483732471447,0.19930264547304022,0.13940374139887735,0.275,0.2751831501831502,1.8383910352738346
3560,analcatdata_dmft,openml_repeat0_fold0_sample0,hyb_fpde_grid,ok,,32,32,21,573,144,80,6,4,2,2,0.25317246028255774,0.006716066000024057,1.0,-0.5755748696281107,0.0,0.0,0.25317246028255774,0.17366762295784327,0.07950483732471447,0.19930264547304022,0.13940374139887735,0.275,0.2751831501831502,1.8383910352738346
3560,analcatdata_dmft,openml_repeat0_fold0_sample0,shap,ok,,32,32,21,573,144,80,6,4,2,2,0.25317246028255774,0.21822512900001811,1.779252892349409,,,,0.25317246028255774,0.17268891559267646,0.08048354468988128,0.25250734070848807,0.16649544269918468,0.275,0.2751831501831502,1.8383910352738346
3560,analcatdata_dmft,openml_repeat0_fold0_sample0,lime,ok,,32,32,21,573,144,80,6,4,2,2,0.25317246028255774,0.016415562999952726,0.1326271434611348,,,,0.25317246028255774,0.3035948695226653,-0.050422409240107546,0.14947535669830778,0.049526473729100115,0.275,0.2751831501831502,1.8383910352738346
3560,analcatdata_dmft,openml_repeat0_fold0_sample0,aime,ok,,32,32,21,573,144,80,6,4,2,2,0.25317246028255774,0.005571631000009347,4.308038855929199,,,,0.25317246028255774,0.14736135502924955,0.1058111052533082,0.21679650980034354,0.16130380752682588,0.275,0.2751831501831502,1.8383910352738346
3560,analcatdata_dmft,openml_repeat0_fold0_sample0,diff_fpde,ok,,33,33,21,573,144,80,6,4,2,2,0.20889876741245508,0.004291763000026094,0.999471257273455,-0.3845155278854916,,-3.3306690738754696e-16,0.20889876741245508,0.11794567813998366,0.09095308927247142,0.26507045541318597,0.1780117723428287,0.275,0.2751831501831502,1.8383910352738346
3560,analcatdata_dmft,openml_repeat0_fold0_sample0,cos_fpde,ok,,33,33,21,573,144,80,6,4,2,2,0.20889876741245508,0.004341715999998996,1.4131930642189463,-0.5604222855822355,,0.0,0.20889876741245508,0.11844955340138616,0.09044921401106892,0.26486404984617024,0.17765663192861958,0.275,0.2751831501831502,1.8383910352738346
3560,analcatdata_dmft,openml_repeat0_fold0_sample0,hyb_fpde_grid,ok,,33,33,21,573,144,80,6,4,2,2,0.20889876741245508,0.006706056999973953,1.0,-0.3965645599116875,0.0,-5.551115123125783e-17,0.20889876741245508,0.11844955340138616,0.09044921401106892,0.26486404984617024,0.17765663192861958,0.275,0.2751831501831502,1.8383910352738346
3560,analcatdata_dmft,openml_repeat0_fold0_sample0,shap,ok,,33,33,21,573,144,80,6,4,2,2,0.20889876741245508,0.2193660080000086,1.3509140366289176,,,,0.20889876741245508,0.08315153910989387,0.12574722830256121,0.2868384433798485,0.20629283584120484,0.275,0.2751831501831502,1.8383910352738346
3560,analcatdata_dmft,openml_repeat0_fold0_sample0,lime,ok,,33,33,21,573,144,80,6,4,2,2,0.20889876741245508,0.01617304800004149,0.13686670197161102,,,,0.20889876741245508,0.3019409197189935,-0.09304215230653842,0.07901768112889349,-0.0070122355888224686,0.275,0.2751831501831502,1.8383910352738346
3560,analcatdata_dmft,openml_repeat0_fold0_sample0,aime,ok,,33,33,21,573,144,80,6,4,2,2,0.20889876741245508,0.0055209159999662916,3.6672028396433527,,,,0.20889876741245508,0.11971903055151073,0.08917973686094435,0.30889687555069845,0.1990383062058214,0.275,0.2751831501831502,1.8383910352738346
3560,analcatdata_dmft,openml_repeat0_fold0_sample0,diff_fpde,ok,,34,34,21,573,144,80,6,4,1,1,0.34663917612491485,0.0042638099999976475,0.4315336909995705,-0.09226740826031768,,-9.159339953157541e-16,0.34663917612491485,0.2928644010986131,0.053774775026301735,0.24338201238088555,0.14857839370359366,0.275,0.2751831501831502,1.8383910352738346
3560,analcatdata_dmft,openml_repeat0_fold0_sample0,cos_fpde,ok,,34,34,21,573,144,80,6,4,1,1,0.34663917612491485,0.004302913999993052,0.6023986435836574,0.026310016411436446,,-4.163336342344337e-17,0.34663917612491485,0.28472277190260975,0.0619164042223051,0.24264462398240524,0.15228051410235516,0.275,0.2751831501831502,1.8383910352738346
3560,analcatdata_dmft,openml_repeat0_fold0_sample0,hyb_fpde_grid,ok,,34,34,21,573,144,80,6,4,1,1,0.34663917612491485,0.006695977999982006,0.9999999999999999,0.04367542439159337,0.0,-2.7755575615628914e-17,0.34663917612491485,0.28472277190260975,0.0619164042223051,0.24264462398240524,0.15228051410235516,0.275,0.2751831501831502,1.8383910352738346
3560,analcatdata_dmft,openml_repeat0_fold0_sample0,shap,ok,,34,34,21,573,144,80,6,4,1,1,0.34663917612491485,0.21859613499998432,1.677185065950243,,,,0.34663917612491485,0.22428914135937653,0.12235003476553832,0.263412626436885,0.19288133060121165,0.275,0.2751831501831502,1.8383910352738346
3560,analcatdata_dmft,openml_repeat0_fold0_sample0,lime,ok,,34,34,21,573,144,80,6,4,1,1,0.34663917612491485,0.016445319000013114,0.15278780968615918,,,,0.34663917612491485,0.31910288155625166,0.02753629456866319,0.18841221647789158,0.10797425552327738,0.275,0.2751831501831502,1.8383910352738346
3560,analcatdata_dmft,openml_repeat0_fold0_sample0,aime,ok,,34,34,21,573,144,80,6,4,1,1,0.34663917612491485,0.005515485999978864,4.653797643618013,,,,0.34663917612491485,0.21649036520875425,0.1301488109161606,0.29701541520709673,0.21358211306162866,0.275,0.2751831501831502,1.8383910352738346
3560,analcatdata_dmft,openml_repeat0_fold0_sample0,diff_fpde,ok,,35,35,21,573,144,80,6,4,1,1,0.4556006505858817,0.0042576189999863345,0.563390504377253,-0.08532269635810871,,-8.326672684688674e-17,0.4556006505858817,0.0980957424448438,0.35750490814103786,0.33312514192838183,0.34531502503470984,0.275,0.2751831501831502,1.8383910352738346
3560,analcatdata_dmft,openml_repeat0_fold0_sample0,cos_fpde,ok,,35,35,21,573,144,80,6,4,1,1,0.4556006505858817,0.004288315999986025,0.8670060008067798,-0.1198168229964601,,-4.163336342344337e-17,0.4556006505858817,0.0957829872105336,0.35981766337534804,0.3272394167219607,0.3435285400486544,0.275,0.2751831501831502,1.8383910352738346
3560,analcatdata_dmft,openml_repeat0_fold0_sample0,hyb_fpde_grid,ok,,35,35,21,573,144,80,6,4,1,1,0.4556006505858817,0.006699475000004895,0.9999999999999999,-0.1381960711747858,0.0,-5.551115123125783e-17,0.4556006505858817,0.0957829872105336,0.35981766337534804,0.3272394167219607,0.3435285400486544,0.275,0.2751831501831502,1.8383910352738346
3560,analcatdata_dmft,openml_repeat0_fold0_sample0,shap,ok,,35,35,21,573,144,80,6,4,1,1,0.4556006505858817,0.21824105899997903,1.6840162200283892,,,,0.4556006505858817,0.12991429266805296,0.32568635791782874,0.34064651287974484,0.33316643539878676,0.275,0.2751831501831502,1.8383910352738346
3560,analcatdata_dmft,openml_repeat0_fold0_sample0,lime,ok,,35,35,21,573,144,80,6,4,1,1,0.4556006505858817,0.01611091199998782,0.1700802640484337,,,,0.4556006505858817,0.39577576865116626,0.05982488193471541,0.11056263909539668,0.08519376051505605,0.275,0.2751831501831502,1.8383910352738346
3560,analcatdata_dmft,openml_repeat0_fold0_sample0,aime,ok,,35,35,21,573,144,80,6,4,1,1,0.4556006505858817,0.0055098350000548635,5.637400315421619,,,,0.4556006505858817,0.11642762224976923,0.33917302833611246,0.3284458977520536,0.333809463044083,0.275,0.2751831501831502,1.8383910352738346
3560,analcatdata_dmft,openml_repeat0_fold0_sample0,diff_fpde,ok,,36,36,21,573,144,80,6,4,4,4,0.38521395938723874,0.004279690999965169,0.814629239677037,0.1733128536528134,,-5.551115123125783e-17,0.38521395938723874,0.11234713367356847,0.27286682571367027,0.3104678653199588,0.2916673455168145,0.275,0.2751831501831502,1.8383910352738346
3560,analcatdata_dmft,openml_repeat0_fold0_sample0,cos_fpde,ok,,36,36,21,573,144,80,6,4,4,4,0.38521395938723874,0.004366543000003276,0.9813281361602022,0.244567219122044,,-5.551115123125783e-17,0.38521395938723874,0.1109451917803074,0.2742687676069313,0.3102793862258184,0.29227407691637486,0.275,0.2751831501831502,1.8383910352738346
3560,analcatdata_dmft,openml_repeat0_fold0_sample0,hyb_fpde_grid,ok,,36,36,21,573,144,80,6,4,4,4,0.38521395938723874,0.006678756000042085,1.0,0.24922063284458634,0.0,0.0,0.38521395938723874,0.1109451917803074,0.2742687676069313,0.3102793862258184,0.29227407691637486,0.275,0.2751831501831502,1.8383910352738346
3560,analcatdata_dmft,openml_repeat0_fold0_sample0,shap,ok,,36,36,21,573,144,80,6,4,4,4,0.38521395938723874,0.2188588070000037,2.1482511661557235,,,,0.38521395938723874,0.09421157057089935,0.2910023888163394,0.404254835186173,0.34762861200125617,0.275,0.2751831501831502,1.8383910352738346
3560,analcatdata_dmft,openml_repeat0_fold0_sample0,lime,ok,,36,36,21,573,144,80,6,4,4,4,0.38521395938723874,0.01682250600003954,0.1412555927479135,,,,0.38521395938723874,0.3958022109855354,-0.010588251598296683,0.10561927666259854,0.04751551253215093,0.275,0.2751831501831502,1.8383910352738346
3560,analcatdata_dmft,openml_repeat0_fold0_sample0,aime,ok,,36,36,21,573,144,80,6,4,4,4,0.38521395938723874,0.005541945999993914,5.754768250752702,,,,0.38521395938723874,0.11794589549104462,0.2672680638961941,0.33296764292633785,0.30011785341126596,0.275,0.2751831501831502,1.8383910352738346
3560,analcatdata_dmft,openml_repeat0_fold0_sample0,diff_fpde,ok,,37,37,21,573,144,80,6,4,3,3,0.4021438568832256,0.00424095800002533,0.6342055569082596,0.4415224233242252,,-2.220446049250313e-16,0.4021438568832256,0.2934692570443911,0.10867459983883454,0.3041658168974135,0.20642020836812403,0.275,0.2751831501831502,1.8383910352738346
3560,analcatdata_dmft,openml_repeat0_fold0_sample0,cos_fpde,ok,,37,37,21,573,144,80,6,4,3,3,0.4021438568832256,0.004258409999977175,0.9816337829029356,0.6849906165926711,,-1.1102230246251565e-16,0.4021438568832256,0.32317468853488346,0.07896916834834217,0.3336409093017241,0.20630503882503312,0.275,0.2751831501831502,1.8383910352738346
3560,analcatdata_dmft,openml_repeat0_fold0_sample0,hyb_fpde_grid,ok,,37,37,21,573,144,80,6,4,3,3,0.4021438568832256,0.0066487699999697725,0.9999999999999999,0.6978066856735342,0.0,0.0,0.4021438568832256,0.32317468853488346,0.07896916834834217,0.3336409093017241,0.20630503882503312,0.275,0.2751831501831502,1.8383910352738346
3560,analcatdata_dmft,openml_repeat0_fold0_sample0,shap,ok,,37,37,21,573,144,80,6,4,3,3,0.4021438568832256,0.2186668749999967,1.4342143786592292,,,,0.4021438568832256,0.24467606595927616,0.15746779092394947,0.353813683246623,0.25564073708528623,0.275,0.2751831501831502,1.8383910352738346
3560,analcatdata_dmft,openml_repeat0_fold0_sample0,lime,ok,,37,37,21,573,144,80,6,4,3,3,0.4021438568832256,0.016319164000037745,0.14103963204742023,,,,0.4021438568832256,0.34532931464133565,0.056814542241889976,0.20660034665489083,0.1317074444483904,0.275,0.2751831501831502,1.8383910352738346
3560,analcatdata_dmft,openml_repeat0_fold0_sample0,aime,ok,,37,37,21,573,144,80,6,4,3,3,0.4021438568832256,0.005529442000010931,2.4465072497347653,,,,0.4021438568832256,0.2773474295724552,0.12479642731077045,0.34279933153541,0.23379787942309022,0.275,0.2751831501831502,1.8383910352738346
3560,analcatdata_dmft,openml_repeat0_fold0_sample0,diff_fpde,ok,,38,38,21,573,144,80,6,4,2,2,0.4691052039191586,0.00429436000001715,0.6590199208217229,-0.3634443452461469,,2.220446049250313e-16,0.4691052039191586,0.17673637145310517,0.29236883246605344,0.2575279105692352,0.2749483715176443,0.275,0.2751831501831502,1.8383910352738346
3560,analcatdata_dmft,openml_repeat0_fold0_sample0,cos_fpde,ok,,38,38,21,573,144,80,6,4,2,2,0.4691052039191586,0.004336940000030154,1.0364530492170525,-0.5488372281857828,,0.0,0.4691052039191586,0.18521057422520254,0.28389462969395607,0.27726818860651276,0.28058140915023444,0.275,0.2751831501831502,1.8383910352738346
3560,analcatdata_dmft,openml_repeat0_fold0_sample0,hyb_fpde_grid,ok,,38,38,21,573,144,80,6,4,2,2,0.4691052039191586,0.007475586000055046,1.0,-0.5295340957319583,0.0,1.1102230246251565e-16,0.4691052039191586,0.18521057422520254,0.28389462969395607,0.27726818860651276,0.28058140915023444,0.275,0.2751831501831502,1.8383910352738346
3560,analcatdata_dmft,openml_repeat0_fold0_sample0,shap,ok,,38,38,21,573,144,80,6,4,2,2,0.4691052039191586,0.21747824599998467,2.005774200641246,,,,0.4691052039191586,0.26314491290876796,0.20596029101039065,0.25874117836662536,0.232350734688508,0.275,0.2751831501831502,1.8383910352738346
3560,analcatdata_dmft,openml_repeat0_fold0_sample0,lime,ok,,38,38,21,573,144,80,6,4,2,2,0.4691052039191586,0.016250093999985893,0.1174249767615405,,,,0.4691052039191586,0.2922198146245769,0.1768853892945817,0.1767417225403854,0.17681355591748354,0.275,0.2751831501831502,1.8383910352738346
3560,analcatdata_dmft,openml_repeat0_fold0_sample0,aime,ok,,38,38,21,573,144,80,6,4,2,2,0.4691052039191586,0.005514955000023747,3.774298315587475,,,,0.4691052039191586,0.1946877150906045,0.2744174888285541,0.26205331476146554,0.2682354017950098,0.275,0.2751831501831502,1.8383910352738346
3560,analcatdata_dmft,openml_repeat0_fold0_sample0,diff_fpde,ok,,39,39,21,573,144,80,6,4,1,1,0.337502935654263,0.004339524999977584,0.6230467836628988,-0.23573142938763453,,-7.216449660063518e-16,0.337502935654263,0.20754270019284407,0.1299602354614189,0.30115803378354733,0.2155591346224831,0.275,0.2751831501831502,1.8383910352738346
3560,analcatdata_dmft,openml_repeat0_fold0_sample0,cos_fpde,ok,,39,39,21,573,144,80,6,4,1,1,0.337502935654263,0.00436807799997041,1.1011120107440897,-0.3895106320980365,,5.551115123125783e-17,0.337502935654263,0.20407100840744652,0.13343192724681646,0.29964387791944624,0.21653790258313135,0.275,0.2751831501831502,1.8383910352738346
3560,analcatdata_dmft,openml_repeat0_fold0_sample0,hyb_fpde_grid,ok,,39,39,21,573,144,80,6,4,1,1,0.337502935654263,0.006760075999977744,1.0000000000000002,-0.3537429691960402,0.0,5.551115123125783e-17,0.337502935654263,0.20407100840744652,0.13343192724681646,0.29964387791944624,0.21653790258313135,0.275,0.2751831501831502,1.8383910352738346
3560,analcatdata_dmft,openml_repeat0_fold0_sample0,shap,ok,,39,39,21,573,144,80,6,4,1,1,0.337502935654263,0.21762892800001055,1.663024620908178,,,,0.337502935654263,0.1968979473542307,0.1406049883000323,0.2791981158894905,0.2099015520947614,0.275,0.2751831501831502,1.8383910352738346
3560,analcatdata_dmft,openml_repeat0_fold0_sample0,lime,ok,,39,39,21,573,144,80,6,4,1,1,0.337502935654263,0.016377804000001106,0.16996219988608674,,,,0.337502935654263,0.3343024564606945,0.003200479193568473,0.1613788362446384,0.08228965771910343,0.275,0.2751831501831502,1.8383910352738346
3560,analcatdata_dmft,openml_repeat0_fold0_sample0,aime,ok,,39,39,21,573,144,80,6,4,1,1,0.337502935654263,0.005577623000021958,5.346434554709082,,,,0.337502935654263,0.24032468122285172,0.09717825443141126,0.2723454070508941,0.18476183074115268,0.275,0.2751831501831502,1.8383910352738346
3560,analcatdata_dmft,openml_repeat0_fold0_sample0,diff_fpde,ok,,40,40,21,573,144,80,6,4,4,4,0.2725384626171334,0.004308505999972567,0.8085005819224831,-0.29026899645598075,,2.7755575615628914e-16,0.2725384626171334,0.08074707189723981,0.19179139071989357,0.33208153291547793,0.26193646181768576,0.275,0.2751831501831502,1.8383910352738346
3560,analcatdata_dmft,openml_repeat0_fold0_sample0,cos_fpde,ok,,40,40,21,573,144,80,6,4,4,4,0.2725384626171334,0.004413282000029994,0.941784862126529,-0.33995344309811004,,-1.1102230246251565e-16,0.2725384626171334,0.08393421693243011,0.18860424568470327,0.32559450511919485,0.25709937540194905,0.275,0.2751831501831502,1.8383910352738346
3560,analcatdata_dmft,openml_repeat0_fold0_sample0,hyb_fpde_grid,ok,,40,40,21,573,144,80,6,4,4,4,0.2725384626171334,0.006791335999992043,1.0,-0.36096719831586893,0.0,-5.551115123125783e-17,0.2725384626171334,0.08393421693243011,0.18860424568470327,0.32559450511919485,0.25709937540194905,0.275,0.2751831501831502,1.8383910352738346
3560,analcatdata_dmft,openml_repeat0_fold0_sample0,shap,ok,,40,40,21,573,144,80,6,4,4,4,0.2725384626171334,0.21882386600003656,2.313246138377984,,,,0.2725384626171334,0.07623773053366006,0.19630073208347332,0.33595256811315566,0.2661266500983145,0.275,0.2751831501831502,1.8383910352738346
3560,analcatdata_dmft,openml_repeat0_fold0_sample0,lime,ok,,40,40,21,573,144,80,6,4,4,4,0.2725384626171334,0.016195342000003166,0.11950132592820273,,,,0.2725384626171334,0.4108198654073035,-0.1382814027901701,0.08962767790581978,-0.024326862442175155,0.275,0.2751831501831502,1.8383910352738346
3560,analcatdata_dmft,openml_repeat0_fold0_sample0,aime,ok,,40,40,21,573,144,80,6,4,4,4,0.2725384626171334,0.005558968000002551,5.625618762271699,,,,0.2725384626171334,0.11920545915340872,0.15333300346372467,0.2917475433813229,0.2225402734225238,0.275,0.2751831501831502,1.8383910352738346
3560,analcatdata_dmft,openml_repeat0_fold0_sample0,diff_fpde,ok,,41,41,21,573,144,80,6,4,3,3,0.35945778732207334,0.004232003999959488,0.5405130584815767,0.37192621035804874,,2.220446049250313e-16,0.35945778732207334,0.3217435193972582,0.03771426792481514,0.3027933374727717,0.17025380269879342,0.275,0.2751831501831502,1.8383910352738346
3560,analcatdata_dmft,openml_repeat0_fold0_sample0,cos_fpde,ok,,41,41,21,573,144,80,6,4,3,3,0.35945778732207334,0.004300903000000744,1.0041369540018894,0.6855105848200336,,0.0,0.35945778732207334,0.2732492146428072,0.08620857267926613,0.30877689780537504,0.19749273524232058,0.275,0.2751831501831502,1.8383910352738346
3560,analcatdata_dmft,openml_repeat0_fold0_sample0,hyb_fpde_grid,ok,,41,41,21,573,144,80,6,4,3,3,0.35945778732207334,0.006720231999963744,1.0,0.6826863428220605,0.0,-1.1102230246251565e-16,0.35945778732207334,0.2732492146428072,0.08620857267926613,0.30877689780537504,0.19749273524232058,0.275,0.2751831501831502,1.8383910352738346
3560,analcatdata_dmft,openml_repeat0_fold0_sample0,shap,ok,,41,41,21,573,144,80,6,4,3,3,0.35945778732207334,0.2215103550000208,1.1348331652912018,,,,0.35945778732207334,0.20657514272444943,0.1528826445976239,0.321551161452469,0.23721690302504644,0.275,0.2751831501831502,1.8383910352738346
3560,analcatdata_dmft,openml_repeat0_fold0_sample0,lime,ok,,41,41,21,573,144,80,6,4,3,3,0.35945778732207334,0.01641872999999805,0.12711257002797743,,,,0.35945778732207334,0.3501634966467747,0.009294290675298633,0.1985728043382246,0.10393354750676162,0.275,0.2751831501831502,1.8383910352738346
3560,analcatdata_dmft,openml_repeat0_fold0_sample0,aime,ok,,41,41,21,573,144,80,6,4,3,3,0.35945778732207334,0.005578724999963924,2.0799688986339255,,,,0.35945778732207334,0.27789921624430236,0.08155857107777098,0.319349787226057,0.200454179151914,0.275,0.2751831501831502,1.8383910352738346
3560,analcatdata_dmft,openml_repeat0_fold0_sample0,diff_fpde,ok,,42,42,21,573,144,80,6,1,0,0,0.2630816292672919,0.004284871999971074,0.6825995896891759,0.17974531024362062,,8.881784197001252e-16,0.2630816292672919,0.19947765280444882,0.06360397646284308,0.20484586181884165,0.13422491914084236,0.275,0.2751831501831502,1.8383910352738346
3560,analcatdata_dmft,openml_repeat0_fold0_sample0,cos_fpde,ok,,42,42,21,573,144,80,6,1,0,0,0.2630816292672919,0.004337591000023622,1.1371306992703336,0.28856657971708466,,0.0,0.2630816292672919,0.19969008257919482,0.06339154668809707,0.2081397906001807,0.1357656686441389,0.275,0.2751831501831502,1.8383910352738346
3560,analcatdata_dmft,openml_repeat0_fold0_sample0,hyb_fpde_grid,ok,,42,42,21,573,144,80,6,1,0,0,0.2630816292672919,0.006823494999991908,0.9999999999999999,0.25376729333070525,0.0,5.551115123125783e-17,0.2630816292672919,0.19969008257919482,0.06339154668809707,0.2081397906001807,0.1357656686441389,0.275,0.2751831501831502,1.8383910352738346
3560,analcatdata_dmft,openml_repeat0_fold0_sample0,shap,ok,,42,42,21,573,144,80,6,1,0,0,0.2630816292672919,0.22045466899999155,1.818521823792064,,,,0.2630816292672919,0.1512041477188475,0.1118774815484444,0.2325698279163259,0.17222365473238516,0.275,0.2751831501831502,1.8383910352738346
3560,analcatdata_dmft,openml_repeat0_fold0_sample0,lime,ok,,42,42,21,573,144,80,6,1,0,0,0.2630816292672919,0.016047595000031833,0.09617561303294948,,,,0.2630816292672919,0.27161851621852257,-0.008536886951230671,0.16943854228391164,0.08045082766634049,0.275,0.2751831501831502,1.8383910352738346
3560,analcatdata_dmft,openml_repeat0_fold0_sample0,aime,ok,,42,42,21,573,144,80,6,1,0,0,0.2630816292672919,0.005507362000003013,3.78209290100308,,,,0.2630816292672919,0.16532651653698546,0.09775511273030643,0.2616863763930887,0.17972074456169757,0.275,0.2751831501831502,1.8383910352738346
3560,analcatdata_dmft,openml_repeat0_fold0_sample0,diff_fpde,ok,,43,43,21,573,144,80,6,1,0,0,0.3794893047612666,0.004277789000013854,0.9232761891345737,0.7334504861002172,,-1.1102230246251565e-16,0.3794893047612666,0.26348022196750953,0.11600908279375705,0.21040194611543822,0.16320551445459763,0.275,0.2751831501831502,1.8383910352738346
3560,analcatdata_dmft,openml_repeat0_fold0_sample0,cos_fpde,ok,,43,43,21,573,144,80,6,1,0,0,0.3794893047612666,0.004309829000021637,1.1794903294839378,0.9318848509956371,,1.1102230246251565e-16,0.3794893047612666,0.26348022196750953,0.11600908279375705,0.21040194611543822,0.16320551445459763,0.275,0.2751831501831502,1.8383910352738346
3560,analcatdata_dmft,openml_repeat0_fold0_sample0,hyb_fpde_grid,ok,,43,43,21,573,144,80,6,1,0,0,0.3794893047612666,0.006696767999983422,1.0,0.7900741767025462,0.0,0.0,0.3794893047612666,0.26348022196750953,0.11600908279375705,0.21040194611543822,0.16320551445459763,0.275,0.2751831501831502,1.8383910352738346
3560,analcatdata_dmft,openml_repeat0_fold0_sample0,shap,ok,,43,43,21,573,144,80,6,1,0,0,0.3794893047612666,0.22272267499999998,1.6448975976727307,,,,0.3794893047612666,0.1977870606432521,0.18170224411801447,0.2504208040514774,0.21606152408474594,0.275,0.2751831501831502,1.8383910352738346
3560,analcatdata_dmft,openml_repeat0_fold0_sample0,lime,ok,,43,43,21,573,144,80,6,1,0,0,0.3794893047612666,0.016211340999973345,0.10718693738881814,,,,0.3794893047612666,0.3139461052725719,0.06554319948869469,0.1615334343769362,0.11353831693281545,0.275,0.2751831501831502,1.8383910352738346
3560,analcatdata_dmft,openml_repeat0_fold0_sample0,aime,ok,,43,43,21,573,144,80,6,1,0,0,0.3794893047612666,0.005573495000021467,3.59611751422919,,,,0.3794893047612666,0.255892243750586,0.12359706101068058,0.24719544424760337,0.18539625262914197,0.275,0.2751831501831502,1.8383910352738346
3560,analcatdata_dmft,openml_repeat0_fold0_sample0,diff_fpde,ok,,44,44,21,573,144,80,6,1,2,2,0.3528063353868417,0.004286245000002964,0.9012475978776346,0.21621707284710912,,-4.440892098500626e-16,0.3528063353868417,0.16484255569347794,0.18796377969336375,0.2835596243868242,0.23576170204009397,0.275,0.2751831501831502,1.8383910352738346
3560,analcatdata_dmft,openml_repeat0_fold0_sample0,cos_fpde,ok,,44,44,21,573,144,80,6,1,2,2,0.3528063353868417,0.004312464000008731,1.357595540832698,0.31680000751771614,,5.551115123125783e-17,0.3528063353868417,0.1596514505935454,0.1931548847932963,0.27355679115615467,0.23335583797472548,0.275,0.2751831501831502,1.8383910352738346
3560,analcatdata_dmft,openml_repeat0_fold0_sample0,hyb_fpde_grid,ok,,44,44,21,573,144,80,6,1,2,2,0.3528063353868417,0.006701066000005085,0.9999999999999998,0.23335374784996932,0.0,0.0,0.3528063353868417,0.1596514505935454,0.1931548847932963,0.27355679115615467,0.23335583797472548,0.275,0.2751831501831502,1.8383910352738346
3560,analcatdata_dmft,openml_repeat0_fold0_sample0,shap,ok,,44,44,21,573,144,80,6,1,2,2,0.3528063353868417,0.21737858000000188,1.5723580481692923,,,,0.3528063353868417,0.10845614174686272,0.24435019363997898,0.3164099338976864,0.2803800637688327,0.275,0.2751831501831502,1.8383910352738346
3560,analcatdata_dmft,openml_repeat0_fold0_sample0,lime,ok,,44,44,21,573,144,80,6,1,2,2,0.3528063353868417,0.016350281999962135,0.13258484530814496,,,,0.3528063353868417,0.32670245311087504,0.02610388227596666,0.10805166842042682,0.06707777534819674,0.275,0.2751831501831502,1.8383910352738346
3560,analcatdata_dmft,openml_repeat0_fold0_sample0,aime,ok,,44,44,21,573,144,80,6,1,2,2,0.3528063353868417,0.005560140000000047,4.847449769018233,,,,0.3528063353868417,0.1395782250860831,0.21322811030075858,0.30215810805342463,0.2576931091770916,0.275,0.2751831501831502,1.8383910352738346
3560,analcatdata_dmft,openml_repeat0_fold0_sample0,diff_fpde,ok,,45,45,21,573,144,80,6,1,4,4,0.3388540859764831,0.004241981999996369,0.9995335133428909,0.5332096637775792,,2.220446049250313e-16,0.3388540859764831,0.14984958759274639,0.1890044983837367,0.289203422162344,0.23910396027304037,0.275,0.2751831501831502,1.8383910352738346
3560,analcatdata_dmft,openml_repeat0_fold0_sample0,cos_fpde,ok,,45,45,21,573,144,80,6,1,4,4,0.3388540859764831,0.004301833999988958,1.4533600663478066,0.6720795910190491,,1.1102230246251565e-16,0.3388540859764831,0.1526202237144246,0.18623386226205849,0.3155615565470461,0.2508977094045523,0.275,0.2751831501831502,1.8383910352738346
3560,analcatdata_dmft,openml_repeat0_fold0_sample0,hyb_fpde_grid,ok,,45,45,21,573,144,80,6,1,4,4,0.3388540859764831,0.006701927999984036,0.9999999999999998,0.46243157946945557,0.0,-1.1102230246251565e-16,0.3388540859764831,0.1526202237144246,0.18623386226205849,0.3155615565470461,0.2508977094045523,0.275,0.2751831501831502,1.8383910352738346
3560,analcatdata_dmft,openml_repeat0_fold0_sample0,shap,ok,,45,45,21,573,144,80,6,1,4,4,0.3388540859764831,0.22022271399998772,1.6855121935317543,,,,0.3388540859764831,0.12119022624111134,0.21766385973537175,0.30184278008913396,0.25975331991225287,0.275,0.2751831501831502,1.8383910352738346
3560,analcatdata_dmft,openml_repeat0_fold0_sample0,lime,ok,,45,45,21,573,144,80,6,1,4,4,0.3388540859764831,0.016338660999963395,0.13349847517408708,,,,0.3388540859764831,0.38850816375546715,-0.04965407777898406,0.12068095569073986,0.0355134389558779,0.275,0.2751831501831502,1.8383910352738346
3560,analcatdata_dmft,openml_repeat0_fold0_sample0,aime,ok,,45,45,21,573,144,80,6,1,4,4,0.3388540859764831,0.005533719999959885,4.451348329825492,,,,0.3388540859764831,0.14947718500683618,0.1893769009696469,0.3086619800163566,0.24901944049300173,0.275,0.2751831501831502,1.8383910352738346
3560,analcatdata_dmft,openml_repeat0_fold0_sample0,diff_fpde,ok,,46,46,21,573,144,80,6,1,4,4,0.36776025395292755,0.004287958000020353,0.46772799897781603,0.29888705014854355,,7.771561172376096e-16,0.36776025395292755,0.16955849272460127,0.19820176122832628,0.3195180041255046,0.2588598826769154,0.275,0.2751831501831502,1.8383910352738346
3560,analcatdata_dmft,openml_repeat0_fold0_sample0,cos_fpde,ok,,46,46,21,573,144,80,6,1,4,4,0.36776025395292755,0.00428603400001748,0.6341806989378208,0.2729528896110583,,5.551115123125783e-17,0.36776025395292755,0.19298656207356593,0.17477369187936162,0.31027013301322115,0.2425219124462914,0.275,0.2751831501831502,1.8383910352738346
3560,analcatdata_dmft,openml_repeat0_fold0_sample0,hyb_fpde_grid,ok,,46,46,21,573,144,80,6,1,4,4,0.36776025395292755,0.006732324999973116,0.9999999999999999,0.43040239172876554,0.0,0.0,0.36776025395292755,0.19298656207356593,0.17477369187936162,0.31027013301322115,0.2425219124462914,0.275,0.2751831501831502,1.8383910352738346
3560,analcatdata_dmft,openml_repeat0_fold0_sample0,shap,ok,,46,46,21,573,144,80,6,1,4,4,0.36776025395292755,0.21851202200002717,2.1378578705160716,,,,0.36776025395292755,0.0842958899371456,0.28346436401578196,0.3920301967742179,0.3377472803949999,0.275,0.2751831501831502,1.8383910352738346
3560,analcatdata_dmft,openml_repeat0_fold0_sample0,lime,ok,,46,46,21,573,144,80,6,1,4,4,0.36776025395292755,0.016314874999977746,0.13002723111850628,,,,0.36776025395292755,0.4458629270991734,-0.07810267314624586,0.10555785114332775,0.013727588998540943,0.275,0.2751831501831502,1.8383910352738346
3560,analcatdata_dmft,openml_repeat0_fold0_sample0,aime,ok,,46,46,21,573,144,80,6,1,4,4,0.36776025395292755,0.005526337999981479,6.197611440927967,,,,0.36776025395292755,0.1282538492424943,0.23950640471043325,0.30262006052309026,0.27106323261676174,0.275,0.2751831501831502,1.8383910352738346
3560,analcatdata_dmft,openml_repeat0_fold0_sample0,diff_fpde,ok,,47,47,21,573,144,80,6,1,4,4,0.27502176114341836,0.004286155000045255,0.8438771144116517,0.09297561529610787,,0.0,0.27502176114341836,0.15196130681713643,0.12306045432628193,0.1460222285534324,0.13454134143985716,0.275,0.2751831501831502,1.8383910352738346
3560,analcatdata_dmft,openml_repeat0_fold0_sample0,cos_fpde,ok,,47,47,21,573,144,80,6,1,4,4,0.27502176114341836,0.0042939789999536515,1.163724618027009,0.23899207329612604,,2.7755575615628914e-17,0.27502176114341836,0.1476071160521545,0.12741464509126385,0.14853926068400738,0.13797695288763562,0.275,0.2751831501831502,1.8383910352738346
3560,analcatdata_dmft,openml_repeat0_fold0_sample0,hyb_fpde_grid,ok,,47,47,21,573,144,80,6,1,4,4,0.27502176114341836,0.006665550000036546,0.9999999999999999,0.20536823711894633,0.0,0.0,0.27502176114341836,0.1476071160521545,0.12741464509126385,0.14853926068400738,0.13797695288763562,0.275,0.2751831501831502,1.8383910352738346
3560,analcatdata_dmft,openml_repeat0_fold0_sample0,shap,ok,,47,47,21,573,144,80,6,1,4,4,0.27502176114341836,0.21777258800000254,1.4940033750525643,,,,0.27502176114341836,0.12257868905326422,0.15244307209015415,0.205884165381378,0.17916361873576608,0.275,0.2751831501831502,1.8383910352738346
3560,analcatdata_dmft,openml_repeat0_fold0_sample0,lime,ok,,47,47,21,573,144,80,6,1,4,4,0.27502176114341836,0.016007801000000654,0.12345483617429384,,,,0.27502176114341836,0.21231783133093124,0.06270392981248712,0.12027727538656383,0.09149060259952548,0.275,0.2751831501831502,1.8383910352738346
3560,analcatdata_dmft,openml_repeat0_fold0_sample0,aime,ok,,47,47,21,573,144,80,6,1,4,4,0.27502176114341836,0.005537607999997363,5.744284697775802,,,,0.27502176114341836,0.15023853857026093,0.12478322257315744,0.15552942263717162,0.14015632260516453,0.275,0.2751831501831502,1.8383910352738346
3560,analcatdata_dmft,openml_repeat0_fold0_sample0,diff_fpde,ok,,48,48,21,573,144,80,6,1,1,1,0.4317076073747854,0.004304149000006419,0.44781778747229994,-0.13393859654029605,,-9.992007221626409e-16,0.4317076073747854,0.25817138326906824,0.17353622410571717,0.22837307222520575,0.20095464816546146,0.275,0.2751831501831502,1.8383910352738346
3560,analcatdata_dmft,openml_repeat0_fold0_sample0,cos_fpde,ok,,48,48,21,573,144,80,6,1,1,1,0.4317076073747854,0.004288288999987344,0.6184857680836794,-0.06503444084878225,,-1.3877787807814457e-17,0.4317076073747854,0.23333458237442573,0.1983730250003597,0.22625034066183614,0.21231168283109791,0.275,0.2751831501831502,1.8383910352738346
3560,analcatdata_dmft,openml_repeat0_fold0_sample0,hyb_fpde_grid,ok,,48,48,21,573,144,80,6,1,1,1,0.4317076073747854,0.006706856999983302,1.0000000000000002,-0.10515107089737157,0.0,-4.163336342344337e-17,0.4317076073747854,0.23333458237442573,0.1983730250003597,0.22625034066183614,0.21231168283109791,0.275,0.2751831501831502,1.8383910352738346
3560,analcatdata_dmft,openml_repeat0_fold0_sample0,shap,ok,,48,48,21,573,144,80,6,1,1,1,0.4317076073747854,0.21790236999999024,1.6370194976476262,,,,0.4317076073747854,0.16114346144637676,0.27056414592840866,0.2931775912644192,0.28187086859641397,0.275,0.2751831501831502,1.8383910352738346
3560,analcatdata_dmft,openml_repeat0_fold0_sample0,lime,ok,,48,48,21,573,144,80,6,1,1,1,0.4317076073747854,0.016314654999973754,0.15719683129097384,,,,0.4317076073747854,0.2949308843393069,0.1367767230354785,0.17048132431290502,0.15362902367419176,0.275,0.2751831501831502,1.8383910352738346
3560,analcatdata_dmft,openml_repeat0_fold0_sample0,aime,ok,,48,48,21,573,144,80,6,1,1,1,0.4317076073747854,0.005554680000045664,5.236994573180645,,,,0.4317076073747854,0.17778690702417116,0.25392070035061426,0.2729180412245077,0.26341937078756095,0.275,0.2751831501831502,1.8383910352738346
3560,analcatdata_dmft,openml_repeat0_fold0_sample0,diff_fpde,ok,,49,49,21,573,144,80,6,1,3,3,0.27027765415516436,0.004240208999988226,0.9964309401650882,0.22633338442526313,,-3.885780586188048e-16,0.27027765415516436,0.17338265333482483,0.09689500082033953,0.32201411409826,0.20945455745929975,0.275,0.2751831501831502,1.8383910352738346
3560,analcatdata_dmft,openml_repeat0_fold0_sample0,cos_fpde,ok,,49,49,21,573,144,80,6,1,3,3,0.27027765415516436,0.004310180000004493,1.4422582662541203,0.37010998778705584,,1.1102230246251565e-16,0.27027765415516436,0.1659896211283709,0.10428803302679346,0.32709289603261127,0.21569046452970236,0.275,0.2751831501831502,1.8383910352738346
3560,analcatdata_dmft,openml_repeat0_fold0_sample0,hyb_fpde_grid,ok,,49,49,21,573,144,80,6,1,3,3,0.27027765415516436,0.006662984999991295,1.0,0.25661838551864735,0.0,-5.551115123125783e-17,0.27027765415516436,0.1659896211283709,0.10428803302679346,0.32709289603261127,0.21569046452970236,0.275,0.2751831501831502,1.8383910352738346
3560,analcatdata_dmft,openml_repeat0_fold0_sample0,shap,ok,,49,49,21,573,144,80,6,1,3,3,0.27027765415516436,0.21834590999998227,0.9813094744932573,,,,0.27027765415516436,0.13632905431670866,0.1339485998384557,0.3618644801028481,0.2479065399706519,0.275,0.2751831501831502,1.8383910352738346
3560,analcatdata_dmft,openml_repeat0_fold0_sample0,lime,ok,,49,49,21,573,144,80,6,1,3,3,0.27027765415516436,0.016139196999972683,0.15479614661156316,,,,0.27027765415516436,0.35048001478622437,-0.08020236063106001,0.10417210518624884,0.011984872277594413,0.275,0.2751831501831502,1.8383910352738346
3560,analcatdata_dmft,openml_repeat0_fold0_sample0,aime,ok,,49,49,21,573,144,80,6,1,3,3,0.27027765415516436,0.00557598899996492,7.811616060672237,,,,0.27027765415516436,0.16707698889841838,0.10320066525674598,0.34424969431426466,0.22372517978550532,0.275,0.2751831501831502,1.8383910352738346
3560,analcatdata_dmft,openml_repeat0_fold0_sample0,diff_fpde,ok,,50,50,21,573,144,80,6,1,5,5,0.2602932705408407,0.004232693999995263,0.4352708926575859,-0.13468336240124268,,4.440892098500626e-16,0.2602932705408407,0.14283505864833526,0.11745821189250547,0.23362583068381834,0.1755420212881619,0.275,0.2751831501831502,1.8383910352738346
3560,analcatdata_dmft,openml_repeat0_fold0_sample0,cos_fpde,ok,,50,50,21,573,144,80,6,1,5,5,0.2602932705408407,0.004389118000005965,0.6098998687802628,-0.189350920085884,,0.0,0.2602932705408407,0.14664975441594946,0.11364351612489126,0.21610720546619988,0.16487536079554557,0.275,0.2751831501831502,1.8383910352738346
3560,analcatdata_dmft,openml_repeat0_fold0_sample0,hyb_fpde_grid,ok,,50,50,21,573,144,80,6,1,5,5,0.2602932705408407,0.006728066999983184,1.0000000000000002,-0.3104623066480837,0.0,5.551115123125783e-17,0.2602932705408407,0.14664975441594946,0.11364351612489126,0.21610720546619988,0.16487536079554557,0.275,0.2751831501831502,1.8383910352738346
3560,analcatdata_dmft,openml_repeat0_fold0_sample0,shap,ok,,50,50,21,573,144,80,6,1,5,5,0.2602932705408407,0.2225625849999915,1.7886897193637872,,,,0.2602932705408407,0.10063580453559658,0.15965746600524416,0.27607745230896125,0.2178674591571027,0.275,0.2751831501831502,1.8383910352738346
3560,analcatdata_dmft,openml_repeat0_fold0_sample0,lime,ok,,50,50,21,573,144,80,6,1,5,5,0.2602932705408407,0.01611069400001952,0.14489184857506532,,,,0.2602932705408407,0.3097372573279658,-0.04944398678712508,0.09682799423214236,0.02369200372250864,0.275,0.2751831501831502,1.8383910352738346
3560,analcatdata_dmft,openml_repeat0_fold0_sample0,aime,ok,,50,50,21,573,144,80,6,1,5,5,0.2602932705408407,0.005538098999977592,3.9253070882944336,,,,0.2602932705408407,0.1247445834481464,0.13554868709269433,0.23204678510186993,0.18379773609728212,0.275,0.2751831501831502,1.8383910352738346
3560,analcatdata_dmft,openml_repeat0_fold0_sample0,diff_fpde,ok,,51,51,21,573,144,80,6,1,1,1,0.2611652232719071,0.004281085999991774,0.8319913819636815,-0.2874860640880954,,-6.661338147750939e-16,0.2611652232719071,0.11958426543004874,0.14158095784185837,0.24986356692876266,0.1957222623853105,0.275,0.2751831501831502,1.8383910352738346
3560,analcatdata_dmft,openml_repeat0_fold0_sample0,cos_fpde,ok,,51,51,21,573,144,80,6,1,1,1,0.2611652232719071,0.00434988400002112,1.2692059973248642,-0.4523932190427763,,5.551115123125783e-17,0.2611652232719071,0.11959332818701536,0.14157189508489176,0.2261767695358564,0.1838743323103741,0.275,0.2751831501831502,1.8383910352738346
3560,analcatdata_dmft,openml_repeat0_fold0_sample0,hyb_fpde_grid,ok,,51,51,21,573,144,80,6,1,1,1,0.2611652232719071,0.006727105000038591,0.9999999999999999,-0.3564379777564054,0.0,0.0,0.2611652232719071,0.11959332818701536,0.14157189508489176,0.2261767695358564,0.1838743323103741,0.275,0.2751831501831502,1.8383910352738346
3560,analcatdata_dmft,openml_repeat0_fold0_sample0,shap,ok,,51,51,21,573,144,80,6,1,1,1,0.2611652232719071,0.22035329900000988,1.3567442733609452,,,,0.2611652232719071,0.10216603845646237,0.15899918481544473,0.26921827830878203,0.21410873156211338,0.275,0.2751831501831502,1.8383910352738346
3560,analcatdata_dmft,openml_repeat0_fold0_sample0,lime,ok,,51,51,21,573,144,80,6,1,1,1,0.2611652232719071,0.016455087999986517,0.15983792442284,,,,0.2611652232719071,0.2929219040242737,-0.031756680752366595,0.08421022969806172,0.02622677447284756,0.275,0.2751831501831502,1.8383910352738346
3560,analcatdata_dmft,openml_repeat0_fold0_sample0,aime,ok,,51,51,21,573,144,80,6,1,1,1,0.2611652232719071,0.005565550000028452,5.269609042675956,,,,0.2611652232719071,0.1025936089041197,0.1585716143677874,0.2518032459979426,0.205187430182865,0.275,0.2751831501831502,1.8383910352738346
3560,analcatdata_dmft,openml_repeat0_fold0_sample0,diff_fpde,ok,,52,52,21,573,144,80,6,1,1,1,0.337502935654263,0.004298107000010987,0.6230467836628988,-0.23573142938763453,,-7.216449660063518e-16,0.337502935654263,0.20754270019284407,0.1299602354614189,0.30115803378354733,0.2155591346224831,0.275,0.2751831501831502,1.8383910352738346
3560,analcatdata_dmft,openml_repeat0_fold0_sample0,cos_fpde,ok,,52,52,21,573,144,80,6,1,1,1,0.337502935654263,0.004333153000004586,1.1011120107440897,-0.3895106320980365,,5.551115123125783e-17,0.337502935654263,0.20407100840744652,0.13343192724681646,0.29964387791944624,0.21653790258313135,0.275,0.2751831501831502,1.8383910352738346
3560,analcatdata_dmft,openml_repeat0_fold0_sample0,hyb_fpde_grid,ok,,52,52,21,573,144,80,6,1,1,1,0.337502935654263,0.006706075000010969,1.0000000000000002,-0.3537429691960402,0.0,5.551115123125783e-17,0.337502935654263,0.20407100840744652,0.13343192724681646,0.29964387791944624,0.21653790258313135,0.275,0.2751831501831502,1.8383910352738346
3560,analcatdata_dmft,openml_repeat0_fold0_sample0,shap,ok,,52,52,21,573,144,80,6,1,1,1,0.337502935654263,0.39244830700005195,1.663024620908178,,,,0.337502935654263,0.1968979473542307,0.1406049883000323,0.2791981158894905,0.2099015520947614,0.275,0.2751831501831502,1.8383910352738346
3560,analcatdata_dmft,openml_repeat0_fold0_sample0,lime,ok,,52,52,21,573,144,80,6,1,1,1,0.337502935654263,0.01628663299999289,0.1612588919206625,,,,0.337502935654263,0.3311506826194702,0.006352253034792754,0.1595763908533645,0.08296432194407863,0.275,0.2751831501831502,1.8383910352738346
3560,analcatdata_dmft,openml_repeat0_fold0_sample0,aime,ok,,52,52,21,573,144,80,6,1,1,1,0.337502935654263,0.005586047999997845,5.346434554709082,,,,0.337502935654263,0.24032468122285172,0.09717825443141126,0.2723454070508941,0.18476183074115268,0.275,0.2751831501831502,1.8383910352738346
3560,analcatdata_dmft,openml_repeat0_fold0_sample0,diff_fpde,ok,,53,53,21,573,144,80,6,1,4,4,0.3377819264398995,0.004292255999985173,0.8334038812562827,0.6260860453137544,,4.440892098500626e-16,0.3377819264398995,0.1545514388014096,0.18323048763848993,0.32647074230127326,0.2548506149698816,0.275,0.2751831501831502,1.8383910352738346
3560,analcatdata_dmft,openml_repeat0_fold0_sample0,cos_fpde,ok,,53,53,21,573,144,80,6,1,4,4,0.3377819264398995,0.0043577100000220526,1.179086394316885,0.9011027461409796,,0.0,0.3377819264398995,0.17143452058139838,0.16634740585850114,0.3154450973344621,0.2408962515964816,0.275,0.2751831501831502,1.8383910352738346
3560,analcatdata_dmft,openml_repeat0_fold0_sample0,hyb_fpde_grid,ok,,53,53,21,573,144,80,6,1,4,4,0.3377819264398995,0.006745819999991909,1.0,0.7642381003497561,0.0,1.1102230246251565e-16,0.3377819264398995,0.17143452058139838,0.16634740585850114,0.3154450973344621,0.2408962515964816,0.275,0.2751831501831502,1.8383910352738346
3560,analcatdata_dmft,openml_repeat0_fold0_sample0,shap,ok,,53,53,21,573,144,80,6,1,4,4,0.3377819264398995,0.21912420199998905,1.7071635107975005,,,,0.3377819264398995,0.10681362546991874,0.23096830096998078,0.33125466935424824,0.2811114851621145,0.275,0.2751831501831502,1.8383910352738346
3560,analcatdata_dmft,openml_repeat0_fold0_sample0,lime,ok,,53,53,21,573,144,80,6,1,4,4,0.3377819264398995,0.016451979999999367,0.13409129024525188,,,,0.3377819264398995,0.3987438802447154,-0.060961953804815894,0.10159452532419408,0.020316285759689093,0.275,0.2751831501831502,1.8383910352738346
3560,analcatdata_dmft,openml_repeat0_fold0_sample0,aime,ok,,53,53,21,573,144,80,6,1,4,4,0.3377819264398995,0.005578737999996974,5.742086096865974,,,,0.3377819264398995,0.14605269161943596,0.19172923482046356,0.3384237239057431,0.2650764793631033,0.275,0.2751831501831502,1.8383910352738346
3560,analcatdata_dmft,openml_repeat0_fold0_sample0,diff_fpde,ok,,54,54,21,573,144,80,6,1,0,0,0.29980433970215564,0.004264793999993799,0.5004269895274736,-0.12054387425608991,,7.91033905045424e-16,0.29980433970215564,0.14639275773520016,0.15341158196695548,0.23676884920672198,0.19509021558683873,0.275,0.2751831501831502,1.8383910352738346
3560,analcatdata_dmft,openml_repeat0_fold0_sample0,cos_fpde,ok,,54,54,21,573,144,80,6,1,0,0,0.29980433970215564,0.004330297000024075,0.8260558196046965,-0.18860351966023348,,1.1102230246251565e-16,0.29980433970215564,0.14644001403332335,0.1533643256688323,0.22942351801070016,0.19139392183976622,0.275,0.2751831501831502,1.8383910352738346
3560,analcatdata_dmft,openml_repeat0_fold0_sample0,hyb_fpde_grid,ok,,54,54,21,573,144,80,6,1,0,0,0.29980433970215564,0.006753771000035158,1.0,-0.22831812957929215,0.0,0.0,0.29980433970215564,0.14644001403332335,0.1533643256688323,0.22942351801070016,0.19139392183976622,0.275,0.2751831501831502,1.8383910352738346
3560,analcatdata_dmft,openml_repeat0_fold0_sample0,shap,ok,,54,54,21,573,144,80,6,1,0,0,0.29980433970215564,0.22070176500000116,1.4039945090609058,,,,0.29980433970215564,0.12908255406955615,0.1707217856325995,0.22288820748089117,0.19680499655674533,0.275,0.2751831501831502,1.8383910352738346
3560,analcatdata_dmft,openml_repeat0_fold0_sample0,lime,ok,,54,54,21,573,144,80,6,1,0,0,0.29980433970215564,0.016126770000028046,0.10574146040977138,,,,0.29980433970215564,0.2628813304959082,0.036923009206247415,0.10260261487370277,0.06976281203997509,0.275,0.2751831501831502,1.8383910352738346
3560,analcatdata_dmft,openml_repeat0_fold0_sample0,aime,ok,,54,54,21,573,144,80,6,1,0,0,0.29980433970215564,0.005564049999975396,2.86731556505575,,,,0.29980433970215564,0.14329290315843496,0.15651143654372068,0.2719804664440961,0.2142459514939084,0.275,0.2751831501831502,1.8383910352738346
3560,analcatdata_dmft,openml_repeat0_fold0_sample0,diff_fpde,ok,,55,55,21,573,144,80,6,5,3,3,0.23234285448481207,0.004240698999979031,0.5716490314258136,0.10424168679507712,,2.7755575615628914e-16,0.23234285448481207,0.18997539309523526,0.04236746138957681,0.30438143146712454,0.17337444642835068,0.275,0.2751831501831502,1.8383910352738346
3560,analcatdata_dmft,openml_repeat0_fold0_sample0,cos_fpde,ok,,55,55,21,573,144,80,6,5,3,3,0.23234285448481207,0.004277677999994012,1.048256707495399,0.3180633230171509,,-5.551115123125783e-17,0.23234285448481207,0.16224955335065225,0.07009330113415982,0.3165080796349945,0.19330069038457715,0.275,0.2751831501831502,1.8383910352738346
3560,analcatdata_dmft,openml_repeat0_fold0_sample0,hyb_fpde_grid,ok,,55,55,21,573,144,80,6,5,3,3,0.23234285448481207,0.00671752200003084,1.0,0.30342121423396384,0.0,1.1102230246251565e-16,0.23234285448481207,0.16224955335065225,0.07009330113415982,0.3165080796349945,0.19330069038457715,0.275,0.2751831501831502,1.8383910352738346
3560,analcatdata_dmft,openml_repeat0_fold0_sample0,shap,ok,,55,55,21,573,144,80,6,5,3,3,0.23234285448481207,0.21961596900001723,1.1879414687444143,,,,0.23234285448481207,0.1206936009132019,0.11164925357161017,0.29494231664947124,0.2032957851105407,0.275,0.2751831501831502,1.8383910352738346
3560,analcatdata_dmft,openml_repeat0_fold0_sample0,lime,ok,,55,55,21,573,144,80,6,5,3,3,0.23234285448481207,0.016544362999979967,0.15448544502105574,,,,0.23234285448481207,0.3210586420776641,-0.08871578759285204,0.09926707372361955,0.0052756430653837574,0.275,0.2751831501831502,1.8383910352738346
3560,analcatdata_dmft,openml_repeat0_fold0_sample0,aime,ok,,55,55,21,573,144,80,6,5,3,3,0.23234285448481207,0.005582064000009268,7.512716761991692,,,,0.23234285448481207,0.18574360042776536,0.04659925405704671,0.3062284919672428,0.17641387301214473,0.275,0.2751831501831502,1.8383910352738346
3560,analcatdata_dmft,openml_repeat0_fold0_sample0,diff_fpde,ok,,56,56,21,573,144,80,6,5,3,3,0.4565392905168865,0.004498953999984678,0.5898024150276402,0.07095185275365479,,-4.440892098500626e-16,0.4565392905168865,0.26558584404216545,0.19095344647472107,0.34117607331465627,0.2660647598946887,0.275,0.2751831501831502,1.8383910352738346
3560,analcatdata_dmft,openml_repeat0_fold0_sample0,cos_fpde,ok,,56,56,21,573,144,80,6,5,3,3,0.4565392905168865,0.004894243999956416,0.9232202709752246,0.18391305206468106,,-2.7755575615628914e-17,0.4565392905168865,0.2935790033389196,0.1629602871779669,0.3358389928043048,0.24939963999113585,0.275,0.2751831501831502,1.8383910352738346
3560,analcatdata_dmft,openml_repeat0_fold0_sample0,hyb_fpde_grid,ok,,56,56,21,573,144,80,6,5,3,3,0.4565392905168865,0.006735166000055415,0.9999999999999999,0.19920820398625816,0.0,2.7755575615628914e-17,0.4565392905168865,0.2935790033389196,0.1629602871779669,0.3358389928043048,0.24939963999113585,0.275,0.2751831501831502,1.8383910352738346
3560,analcatdata_dmft,openml_repeat0_fold0_sample0,shap,ok,,56,56,21,573,144,80,6,5,3,3,0.4565392905168865,0.2227247170000055,1.9047515855844301,,,,0.4565392905168865,0.1749303580295737,0.2816089324873128,0.33191115375403746,0.3067600431206751,0.275,0.2751831501831502,1.8383910352738346
3560,analcatdata_dmft,openml_repeat0_fold0_sample0,lime,ok,,56,56,21,573,144,80,6,5,3,3,0.4565392905168865,0.01659253399998306,0.15624973737805614,,,,0.4565392905168865,0.3669317562531624,0.08960753426372414,0.13538294210823543,0.11249523818597978,0.275,0.2751831501831502,1.8383910352738346
3560,analcatdata_dmft,openml_repeat0_fold0_sample0,aime,ok,,56,56,21,573,144,80,6,5,3,3,0.4565392905168865,0.005505499999969743,7.935897503371719,,,,0.4565392905168865,0.2529894662273043,0.20354982428958224,0.3479040405142746,0.2757269324019284,0.275,0.2751831501831502,1.8383910352738346
3560,analcatdata_dmft,openml_repeat0_fold0_sample0,diff_fpde,ok,,57,57,21,573,144,80,6,5,2,2,0.27803419608660407,0.004253113000004305,0.7269464108614618,0.3611702746144111,,-5.551115123125783e-16,0.27803419608660407,0.09059303699590099,0.18744115909070308,0.27350257119236876,0.23047186514153592,0.275,0.2751831501831502,1.8383910352738346
3560,analcatdata_dmft,openml_repeat0_fold0_sample0,cos_fpde,ok,,57,57,21,573,144,80,6,5,2,2,0.27803419608660407,0.004330827999979192,1.058680684236288,0.5136446814231308,,0.0,0.27803419608660407,0.08862418755747681,0.18941000852912726,0.2690053065614452,0.22920765754528624,0.275,0.2751831501831502,1.8383910352738346
3560,analcatdata_dmft,openml_repeat0_fold0_sample0,hyb_fpde_grid,ok,,57,57,21,573,144,80,6,5,2,2,0.27803419608660407,0.006708666000008634,1.0,0.48517432033216346,0.0,-5.551115123125783e-17,0.27803419608660407,0.08862418755747681,0.18941000852912726,0.2690053065614452,0.22920765754528624,0.275,0.2751831501831502,1.8383910352738346
3560,analcatdata_dmft,openml_repeat0_fold0_sample0,shap,ok,,57,57,21,573,144,80,6,5,2,2,0.27803419608660407,0.22018849299996646,1.844210103146997,,,,0.27803419608660407,0.10116333472511574,0.17687086136148833,0.32595824512637206,0.2514145532439302,0.275,0.2751831501831502,1.8383910352738346
3560,analcatdata_dmft,openml_repeat0_fold0_sample0,lime,ok,,57,57,21,573,144,80,6,5,2,2,0.27803419608660407,0.016279536000013195,0.1325213795395839,,,,0.27803419608660407,0.294869018366213,-0.01683482227960892,0.10184839716910174,0.04250678744474641,0.275,0.2751831501831502,1.8383910352738346
3560,analcatdata_dmft,openml_repeat0_fold0_sample0,aime,ok,,57,57,21,573,144,80,6,5,2,2,0.27803419608660407,0.005546406999997089,5.174625212668992,,,,0.27803419608660407,0.1200275033516506,0.15800669273495346,0.27942622216638346,0.21871645745066848,0.275,0.2751831501831502,1.8383910352738346
3560,analcatdata_dmft,openml_repeat0_fold0_sample0,diff_fpde,ok,,58,58,21,573,144,80,6,5,5,5,0.28427340140712076,0.004286424999975225,0.6424908576066776,0.360503601877404,,4.996003610813204e-16,0.28427340140712076,0.129494580752563,0.15477882065455775,0.18466128369267473,0.16972005217361624,0.275,0.2751831501831502,1.8383910352738346
3560,analcatdata_dmft,openml_repeat0_fold0_sample0,cos_fpde,ok,,58,58,21,573,144,80,6,5,5,5,0.28427340140712076,0.004314276999991762,0.8631818943472007,0.4794368456065349,,0.0,0.28427340140712076,0.12902407399204524,0.15524932741507552,0.18566335944206003,0.17045634342856777,0.275,0.2751831501831502,1.8383910352738346
3560,analcatdata_dmft,openml_repeat0_fold0_sample0,hyb_fpde_grid,ok,,58,58,21,573,144,80,6,5,5,5,0.28427340140712076,0.006698255999992853,1.0,0.5554296826037101,0.0,0.0,0.28427340140712076,0.12902407399204524,0.15524932741507552,0.18566335944206003,0.17045634342856777,0.275,0.2751831501831502,1.8383910352738346
3560,analcatdata_dmft,openml_repeat0_fold0_sample0,shap,ok,,58,58,21,573,144,80,6,5,5,5,0.28427340140712076,0.22118872800001554,1.38282457572011,,,,0.28427340140712076,0.11550561489500176,0.168767786512119,0.2767091461580736,0.2227384663350963,0.275,0.2751831501831502,1.8383910352738346
3560,analcatdata_dmft,openml_repeat0_fold0_sample0,lime,ok,,58,58,21,573,144,80,6,5,5,5,0.28427340140712076,0.016060576000029414,0.161340670344988,,,,0.28427340140712076,0.3350565054563008,-0.05078310404918002,0.09362029958990992,0.02141859777036495,0.275,0.2751831501831502,1.8383910352738346
3560,analcatdata_dmft,openml_repeat0_fold0_sample0,aime,ok,,58,58,21,573,144,80,6,5,5,5,0.28427340140712076,0.005539163999969787,4.224687374946363,,,,0.28427340140712076,0.17080163766541062,0.11347176374171014,0.20538240810969055,0.15942708592570035,0.275,0.2751831501831502,1.8383910352738346
3560,analcatdata_dmft,openml_repeat0_fold0_sample0,diff_fpde,ok,,59,59,21,573,144,80,6,5,3,3,0.2641689694267345,0.0043161309999959485,0.4244297823151403,0.2198620582938965,,5.551115123125783e-16,0.2641689694267345,0.20996748425351835,0.05420148517321616,0.29416961566804467,0.17418555042063041,0.275,0.2751831501831502,1.8383910352738346
3560,analcatdata_dmft,openml_repeat0_fold0_sample0,cos_fpde,ok,,59,59,21,573,144,80,6,5,3,3,0.2641689694267345,0.004327132000014444,0.7478622220116657,0.36430712236921736,,-1.1102230246251565e-16,0.2641689694267345,0.18460252183224202,0.0795664475944925,0.3043982488474264,0.19198234822095944,0.275,0.2751831501831502,1.8383910352738346
3560,analcatdata_dmft,openml_repeat0_fold0_sample0,hyb_fpde_grid,ok,,59,59,21,573,144,80,6,5,3,3,0.2641689694267345,0.00669776499995578,0.9999999999999999,0.4871313346852473,0.0,1.1102230246251565e-16,0.2641689694267345,0.18460252183224202,0.0795664475944925,0.3043982488474264,0.19198234822095944,0.275,0.2751831501831502,1.8383910352738346
3560,analcatdata_dmft,openml_repeat0_fold0_sample0,shap,ok,,59,59,21,573,144,80,6,5,3,3,0.2641689694267345,0.22131912200001125,1.208583405353412,,,,0.2641689694267345,0.16456553689974845,0.09960343252698606,0.3124145216219728,0.20600897707447943,0.275,0.2751831501831502,1.8383910352738346
3560,analcatdata_dmft,openml_repeat0_fold0_sample0,lime,ok,,59,59,21,573,144,80,6,5,3,3,0.2641689694267345,0.016436269999985598,0.1485396663255874,,,,0.2641689694267345,0.32778697949492347,-0.06361801006818896,0.10749436184044331,0.021938175886127176,0.275,0.2751831501831502,1.8383910352738346
3560,analcatdata_dmft,openml_repeat0_fold0_sample0,aime,ok,,59,59,21,573,144,80,6,5,3,3,0.2641689694267345,0.005547409000030257,6.612283570614443,,,,0.2641689694267345,0.17565432750853857,0.08851464191819594,0.30825248560340934,0.19838356376080263,0.275,0.2751831501831502,1.8383910352738346
3560,analcatdata_dmft,openml_repeat0_fold0_sample0,diff_fpde,ok,,60,60,21,573,144,80,6,5,1,1,0.2611652232719071,0.004279703000008794,0.8319913819636815,-0.2874860640880954,,-6.661338147750939e-16,0.2611652232719071,0.11958426543004874,0.14158095784185837,0.24986356692876266,0.1957222623853105,0.275,0.2751831501831502,1.8383910352738346
3560,analcatdata_dmft,openml_repeat0_fold0_sample0,cos_fpde,ok,,60,60,21,573,144,80,6,5,1,1,0.2611652232719071,0.004360213000040858,1.2692059973248642,-0.4523932190427763,,5.551115123125783e-17,0.2611652232719071,0.11959332818701536,0.14157189508489176,0.2261767695358564,0.1838743323103741,0.275,0.2751831501831502,1.8383910352738346
3560,analcatdata_dmft,openml_repeat0_fold0_sample0,hyb_fpde_grid,ok,,60,60,21,573,144,80,6,5,1,1,0.2611652232719071,0.006802991999961705,0.9999999999999999,-0.3564379777564054,0.0,0.0,0.2611652232719071,0.11959332818701536,0.14157189508489176,0.2261767695358564,0.1838743323103741,0.275,0.2751831501831502,1.8383910352738346
3560,analcatdata_dmft,openml_repeat0_fold0_sample0,shap,ok,,60,60,21,573,144,80,6,5,1,1,0.2611652232719071,0.22080741299998863,1.3567442733609452,,,,0.2611652232719071,0.10216603845646237,0.15899918481544473,0.26921827830878203,0.21410873156211338,0.275,0.2751831501831502,1.8383910352738346
3560,analcatdata_dmft,openml_repeat0_fold0_sample0,lime,ok,,60,60,21,573,144,80,6,5,1,1,0.2611652232719071,0.016497586000014053,0.16154539902542278,,,,0.2611652232719071,0.296282800613503,-0.035117577341595874,0.08616030264595517,0.02552136265217965,0.275,0.2751831501831502,1.8383910352738346
3560,analcatdata_dmft,openml_repeat0_fold0_sample0,aime,ok,,60,60,21,573,144,80,6,5,1,1,0.2611652232719071,0.005584840000040003,5.269609042675956,,,,0.2611652232719071,0.1025936089041197,0.1585716143677874,0.2518032459979426,0.205187430182865,0.275,0.2751831501831502,1.8383910352738346
3560,analcatdata_dmft,openml_repeat0_fold0_sample0,diff_fpde,ok,,61,61,21,573,144,80,6,5,5,5,0.3204244022218738,0.00435318099999904,0.8422869480503005,0.3591456170656644,,-2.220446049250313e-16,0.3204244022218738,0.1556974876686484,0.16472691455322538,0.22043443593072976,0.19258067524197758,0.275,0.2751831501831502,1.8383910352738346
3560,analcatdata_dmft,openml_repeat0_fold0_sample0,cos_fpde,ok,,61,61,21,573,144,80,6,5,5,5,0.3204244022218738,0.004330518000017491,1.0461261173717746,0.4413805891207132,,5.551115123125783e-17,0.3204244022218738,0.1556974876686484,0.16472691455322538,0.22043443593072976,0.19258067524197758,0.275,0.2751831501831502,1.8383910352738346
3560,analcatdata_dmft,openml_repeat0_fold0_sample0,hyb_fpde_grid,ok,,61,61,21,573,144,80,6,5,5,5,0.3204244022218738,0.006835813999998663,0.9999999999999999,0.4219190992283145,0.0,-5.551115123125783e-17,0.3204244022218738,0.1556974876686484,0.16472691455322538,0.22043443593072976,0.19258067524197758,0.275,0.2751831501831502,1.8383910352738346
3560,analcatdata_dmft,openml_repeat0_fold0_sample0,shap,ok,,61,61,21,573,144,80,6,5,5,5,0.3204244022218738,0.22052971199997273,1.6614719865580414,,,,0.3204244022218738,0.1046544242263085,0.2157699779955653,0.3407243496850838,0.27824716384032455,0.275,0.2751831501831502,1.8383910352738346
3560,analcatdata_dmft,openml_repeat0_fold0_sample0,lime,ok,,61,61,21,573,144,80,6,5,5,5,0.3204244022218738,0.016402315999982875,0.14910234774269818,,,,0.3204244022218738,0.4822783851312722,-0.1618539829093984,0.09517297673621333,-0.03334050308659253,0.275,0.2751831501831502,1.8383910352738346
3560,analcatdata_dmft,openml_repeat0_fold0_sample0,aime,ok,,61,61,21,573,144,80,6,5,5,5,0.3204244022218738,0.005531769999947755,3.7705197148506686,,,,0.3204244022218738,0.12966502957435028,0.19075937264752352,0.3169232354600477,0.2538413040537856,0.275,0.2751831501831502,1.8383910352738346
3560,analcatdata_dmft,openml_repeat0_fold0_sample0,diff_fpde,ok,,62,62,21,573,144,80,6,5,5,5,0.6408497625942573,0.004259665000006407,0.7200374315859511,0.6616025804023767,,1.1102230246251565e-16,0.6408497625942573,0.3358627581375959,0.3049870044566614,0.23749621562833134,0.27124161004249636,0.275,0.2751831501831502,1.8383910352738346
3560,analcatdata_dmft,openml_repeat0_fold0_sample0,cos_fpde,ok,,62,62,21,573,144,80,6,5,5,5,0.6408497625942573,0.004387484999995195,1.0466014183336225,0.9306810414626668,,0.0,0.6408497625942573,0.2991873587625118,0.3416624038317455,0.2384915999599804,0.29007700189586294,0.275,0.2751831501831502,1.8383910352738346
3560,analcatdata_dmft,openml_repeat0_fold0_sample0,hyb_fpde_grid,ok,,62,62,21,573,144,80,6,5,5,5,0.6408497625942573,0.006704968999997618,0.9999999999999998,0.8892411429601139,0.0,0.0,0.6408497625942573,0.2991873587625118,0.3416624038317455,0.2384915999599804,0.29007700189586294,0.275,0.2751831501831502,1.8383910352738346
3560,analcatdata_dmft,openml_repeat0_fold0_sample0,shap,ok,,62,62,21,573,144,80,6,5,5,5,0.6408497625942573,0.22776241099995786,2.3186845342339266,,,,0.6408497625942573,0.2227133890892638,0.4181363735049935,0.4126386689253645,0.41538752121517897,0.275,0.2751831501831502,1.8383910352738346
3560,analcatdata_dmft,openml_repeat0_fold0_sample0,lime,ok,,62,62,21,573,144,80,6,5,5,5,0.6408497625942573,0.01634635199997092,0.16851951576160676,,,,0.6408497625942573,0.5090739499244953,0.13177581266976202,0.17532093351311065,0.15354837309143632,0.275,0.2751831501831502,1.8383910352738346
3560,analcatdata_dmft,openml_repeat0_fold0_sample0,aime,ok,,62,62,21,573,144,80,6,5,5,5,0.6408497625942573,0.005557416999977249,2.32592704934213,,,,0.6408497625942573,0.2876202845352282,0.3532294780590291,0.3634941660887671,0.3583618220738981,0.275,0.2751831501831502,1.8383910352738346
3560,analcatdata_dmft,openml_repeat0_fold0_sample0,diff_fpde,ok,,63,63,21,573,144,80,6,5,3,3,0.5485470229970927,0.004254326000022957,1.0025159087787454,0.9011731726671134,,-1.1102230246251565e-16,0.5485470229970927,0.2526449379386154,0.29590208505847726,0.3381767288896488,0.317039406974063,0.275,0.2751831501831502,1.8383910352738346
3560,analcatdata_dmft,openml_repeat0_fold0_sample0,cos_fpde,ok,,63,63,21,573,144,80,6,5,3,3,0.5485470229970927,0.004292156000019531,1.445667874789635,1.2947909485524505,,-2.220446049250313e-16,0.5485470229970927,0.2526449379386154,0.29590208505847726,0.3381767288896488,0.317039406974063,0.275,0.2751831501831502,1.8383910352738346
3560,analcatdata_dmft,openml_repeat0_fold0_sample0,hyb_fpde_grid,ok,,63,63,21,573,144,80,6,5,3,3,0.5485470229970927,0.006691523999961646,0.9999999999999999,0.8956351393924838,0.0,1.1102230246251565e-16,0.5485470229970927,0.2526449379386154,0.29590208505847726,0.3381767288896488,0.317039406974063,0.275,0.2751831501831502,1.8383910352738346
3560,analcatdata_dmft,openml_repeat0_fold0_sample0,shap,ok,,63,63,21,573,144,80,6,5,3,3,0.5485470229970927,0.2243569569999977,1.8402822972149744,,,,0.5485470229970927,0.19683258213833613,0.3517144408587566,0.34649806915840686,0.3491062550085817,0.275,0.2751831501831502,1.8383910352738346
3560,analcatdata_dmft,openml_repeat0_fold0_sample0,lime,ok,,63,63,21,573,144,80,6,5,3,3,0.5485470229970927,0.01600236600000926,0.16875237387826286,,,,0.5485470229970927,0.3438914505865568,0.2046555724105359,0.15292786832364255,0.17879172036708924,0.275,0.2751831501831502,1.8383910352738346
3560,analcatdata_dmft,openml_repeat0_fold0_sample0,aime,ok,,63,63,21,573,144,80,6,5,3,3,0.5485470229970927,0.005542339999976775,3.1044395866236076,,,,0.5485470229970927,0.25508493554244466,0.293462087454648,0.36754762921883527,0.33050485833674165,0.275,0.2751831501831502,1.8383910352738346
3560,analcatdata_dmft,openml_repeat0_fold0_sample0,diff_fpde,ok,,64,64,21,573,144,80,6,5,1,1,0.4217989478156705,0.0042400379999776305,0.4813795714541007,0.2293820762757645,,-4.996003610813204e-16,0.4217989478156705,0.1906813400262649,0.2311176077894056,0.26337016619477854,0.24724388699209207,0.275,0.2751831501831502,1.8383910352738346
3560,analcatdata_dmft,openml_repeat0_fold0_sample0,cos_fpde,ok,,64,64,21,573,144,80,6,5,1,1,0.4217989478156705,0.004302414999983739,0.5421578113224104,0.1911394911253526,,1.1102230246251565e-16,0.4217989478156705,0.19544104910635376,0.22635789870931675,0.284184847793157,0.2552713732512369,0.275,0.2751831501831502,1.8383910352738346
3560,analcatdata_dmft,openml_repeat0_fold0_sample0,hyb_fpde_grid,ok,,64,64,21,573,144,80,6,5,1,1,0.4217989478156705,0.006680562999974882,0.9999999999999999,0.3525532365920036,0.0,-5.551115123125783e-17,0.4217989478156705,0.19544104910635376,0.22635789870931675,0.284184847793157,0.2552713732512369,0.275,0.2751831501831502,1.8383910352738346
3560,analcatdata_dmft,openml_repeat0_fold0_sample0,shap,ok,,64,64,21,573,144,80,6,5,1,1,0.4217989478156705,0.22262168399998927,1.4959020378132142,,,,0.4217989478156705,0.12417459922076993,0.2976243485949006,0.35554325890049393,0.32658380374769724,0.275,0.2751831501831502,1.8383910352738346
3560,analcatdata_dmft,openml_repeat0_fold0_sample0,lime,ok,,64,64,21,573,144,80,6,5,1,1,0.4217989478156705,0.016138272000034704,0.17521351551704056,,,,0.4217989478156705,0.3951935699512879,0.026605377864382607,0.10267426126459445,0.06463981956448853,0.275,0.2751831501831502,1.8383910352738346
3560,analcatdata_dmft,openml_repeat0_fold0_sample0,aime,ok,,64,64,21,573,144,80,6,5,1,1,0.4217989478156705,0.005585179000036078,2.6183436632976838,,,,0.4217989478156705,0.09879041163856142,0.3230085361771091,0.3167006641381687,0.3198546001576389,0.275,0.2751831501831502,1.8383910352738346
3560,analcatdata_dmft,openml_repeat0_fold0_sample0,diff_fpde,ok,,65,65,21,573,144,80,6,5,5,5,0.4310436093429779,0.004324746999998297,0.6658095633152895,0.22154825270759965,,-3.885780586188048e-16,0.4310436093429779,0.14116957519167594,0.289874034151302,0.2893883307421366,0.28963118244671926,0.275,0.2751831501831502,1.8383910352738346
3560,analcatdata_dmft,openml_repeat0_fold0_sample0,cos_fpde,ok,,65,65,21,573,144,80,6,5,5,5,0.4310436093429779,0.004351086999974996,1.0468677301205565,0.29213841506044896,,-5.551115123125783e-17,0.4310436093429779,0.131753204268823,0.29929040507415494,0.28468311675771185,0.2919867609159334,0.275,0.2751831501831502,1.8383910352738346
3560,analcatdata_dmft,openml_repeat0_fold0_sample0,hyb_fpde_grid,ok,,65,65,21,573,144,80,6,5,5,5,0.4310436093429779,0.006732740999950693,0.9999999999999999,0.2790595283960148,0.0,0.0,0.4310436093429779,0.131753204268823,0.29929040507415494,0.28468311675771185,0.2919867609159334,0.275,0.2751831501831502,1.8383910352738346
3560,analcatdata_dmft,openml_repeat0_fold0_sample0,shap,ok,,65,65,21,573,144,80,6,5,5,5,0.4310436093429779,0.22138755100002072,1.825293024533611,,,,0.4310436093429779,0.15041467476441006,0.28062893457856786,0.36302934868197356,0.3218291416302707,0.275,0.2751831501831502,1.8383910352738346
3560,analcatdata_dmft,openml_repeat0_fold0_sample0,lime,ok,,65,65,21,573,144,80,6,5,5,5,0.4310436093429779,0.016604435999965972,0.15753393673061236,,,,0.4310436093429779,0.5187075714038358,-0.08766396206085791,0.1134234981512264,0.012879768045184245,0.275,0.2751831501831502,1.8383910352738346
3560,analcatdata_dmft,openml_repeat0_fold0_sample0,aime,ok,,65,65,21,573,144,80,6,5,5,5,0.4310436093429779,0.005603434000022389,3.931011479584437,,,,0.4310436093429779,0.15813119520141308,0.27291241414156486,0.34952478835401146,0.31121860124778816,0.275,0.2751831501831502,1.8383910352738346
3560,analcatdata_dmft,openml_repeat0_fold0_sample0,diff_fpde,ok,,66,66,21,573,144,80,6,5,5,5,0.6580459369488234,0.004294981000043663,0.43352924948683036,0.15595334171860736,,-5.551115123125783e-17,0.6580459369488234,0.21646804110322426,0.44157789584559914,0.37487150719132867,0.4082247015184639,0.275,0.2751831501831502,1.8383910352738346
3560,analcatdata_dmft,openml_repeat0_fold0_sample0,cos_fpde,ok,,66,66,21,573,144,80,6,5,5,5,0.6580459369488234,0.0043145580000327755,0.6049079701596636,0.19058098560936704,,0.0,0.6580459369488234,0.21646804110322426,0.44157789584559914,0.37487150719132867,0.4082247015184639,0.275,0.2751831501831502,1.8383910352738346
3560,analcatdata_dmft,openml_repeat0_fold0_sample0,hyb_fpde_grid,ok,,66,66,21,573,144,80,6,5,5,5,0.6580459369488234,0.0067072830000256545,1.0000000000000002,0.3150578187274732,0.0,0.0,0.6580459369488234,0.21646804110322426,0.44157789584559914,0.37487150719132867,0.4082247015184639,0.275,0.2751831501831502,1.8383910352738346
3560,analcatdata_dmft,openml_repeat0_fold0_sample0,shap,ok,,66,66,21,573,144,80,6,5,5,5,0.6580459369488234,0.22172114599999304,2.446648732115225,,,,0.6580459369488234,0.2222443974919371,0.43580153945688627,0.415282327045676,0.42554193325128115,0.275,0.2751831501831502,1.8383910352738346
3560,analcatdata_dmft,openml_repeat0_fold0_sample0,lime,ok,,66,66,21,573,144,80,6,5,5,5,0.6580459369488234,0.01606600600001684,0.1615225080007262,,,,0.6580459369488234,0.5433630209692307,0.11468291597959268,0.1620855835969714,0.13838424978828204,0.275,0.2751831501831502,1.8383910352738346
3560,analcatdata_dmft,openml_repeat0_fold0_sample0,aime,ok,,66,66,21,573,144,80,6,5,5,5,0.6580459369488234,0.005538752999996177,3.9046828088750227,,,,0.6580459369488234,0.2162210109030973,0.4418249260457261,0.37519293554644373,0.4085089307960849,0.275,0.2751831501831502,1.8383910352738346
3560,analcatdata_dmft,openml_repeat0_fold0_sample0,diff_fpde,ok,,67,67,21,573,144,80,6,0,3,3,0.42562071040919736,0.004317883999988226,0.49319749943450575,-0.27692043848860004,,1.1102230246251565e-16,0.42562071040919736,0.1364731115423919,0.28914759886680547,0.30529276444844544,0.2972201816576254,0.275,0.2751831501831502,1.8383910352738346
3560,analcatdata_dmft,openml_repeat0_fold0_sample0,cos_fpde,ok,,67,67,21,573,144,80,6,0,3,3,0.42562071040919736,0.004333042999974168,0.9641904489930903,-0.5029924753179666,,0.0,0.42562071040919736,0.11900489933889741,0.30661581107029995,0.3165386110992703,0.3115772110847851,0.275,0.2751831501831502,1.8383910352738346
3560,analcatdata_dmft,openml_repeat0_fold0_sample0,hyb_fpde_grid,ok,,67,67,21,573,144,80,6,0,3,3,0.42562071040919736,0.0067392930000096385,1.0,-0.5216733642645441,0.0,-1.1102230246251565e-16,0.42562071040919736,0.11900489933889741,0.30661581107029995,0.3165386110992703,0.3115772110847851,0.275,0.2751831501831502,1.8383910352738346
3560,analcatdata_dmft,openml_repeat0_fold0_sample0,shap,ok,,67,67,21,573,144,80,6,0,3,3,0.42562071040919736,0.22240730400000075,1.1941952991125586,,,,0.42562071040919736,0.1436256585998688,0.28199505180932855,0.33944487770972076,0.3107199647595247,0.275,0.2751831501831502,1.8383910352738346
3560,analcatdata_dmft,openml_repeat0_fold0_sample0,lime,ok,,67,67,21,573,144,80,6,0,3,3,0.42562071040919736,0.01637168700000302,0.14410965702516124,,,,0.42562071040919736,0.32023493254853896,0.10538577786065839,0.11513936769322955,0.11026257277694397,0.275,0.2751831501831502,1.8383910352738346
3560,analcatdata_dmft,openml_repeat0_fold0_sample0,aime,ok,,67,67,21,573,144,80,6,0,3,3,0.42562071040919736,0.005548352999994677,7.416027587277318,,,,0.42562071040919736,0.14736446850897125,0.27825624190022613,0.3357947205512797,0.3070254812257529,0.275,0.2751831501831502,1.8383910352738346
3560,analcatdata_dmft,openml_repeat0_fold0_sample0,diff_fpde,ok,,68,68,21,573,144,80,6,0,5,5,0.2756864687534366,0.0042500810000092315,0.8189641127183569,0.6315858017591306,,1.1102230246251565e-16,0.2756864687534366,0.15773827813444158,0.11794819061899503,0.17572671042921145,0.14683745052410324,0.275,0.2751831501831502,1.8383910352738346
3560,analcatdata_dmft,openml_repeat0_fold0_sample0,cos_fpde,ok,,68,68,21,573,144,80,6,0,5,5,0.2756864687534366,0.004267112999968958,1.1404172437349178,0.8829626126098801,,0.0,0.2756864687534366,0.15904012308602078,0.11664634566741583,0.1647108214232327,0.14067858354532425,0.275,0.2751831501831502,1.8383910352738346
3560,analcatdata_dmft,openml_repeat0_fold0_sample0,hyb_fpde_grid,ok,,68,68,21,573,144,80,6,0,5,5,0.2756864687534366,0.006704186999968442,0.9999999999999998,0.7742452312612687,0.0,0.0,0.2756864687534366,0.15904012308602078,0.11664634566741583,0.1647108214232327,0.14067858354532425,0.275,0.2751831501831502,1.8383910352738346
3560,analcatdata_dmft,openml_repeat0_fold0_sample0,shap,ok,,68,68,21,573,144,80,6,0,5,5,0.2756864687534366,0.22199238799998966,1.6956318567554782,,,,0.2756864687534366,0.12898127288343128,0.14670519587000533,0.2601355361995091,0.20342036603475722,0.275,0.2751831501831502,1.8383910352738346
3560,analcatdata_dmft,openml_repeat0_fold0_sample0,lime,ok,,68,68,21,573,144,80,6,0,5,5,0.2756864687534366,0.01606977099999085,0.14805520466527325,,,,0.2756864687534366,0.3028157498071805,-0.027129281053743903,0.1200151143594097,0.0464429166528329,0.275,0.2751831501831502,1.8383910352738346
3560,analcatdata_dmft,openml_repeat0_fold0_sample0,aime,ok,,68,68,21,573,144,80,6,0,5,5,0.2756864687534366,0.005496074999996381,2.2267471992543184,,,,0.2756864687534366,0.16433922975627346,0.11134723899716314,0.20260610895483827,0.1569766739760007,0.275,0.2751831501831502,1.8383910352738346
3560,analcatdata_dmft,openml_repeat0_fold0_sample0,diff_fpde,ok,,69,69,21,573,144,80,6,0,3,3,0.4048103272212529,0.004275968999991164,0.45206093438941686,-0.022688184256345917,,-1.3877787807814457e-16,0.4048103272212529,0.17742470521995363,0.22738562200129925,0.35753526888384785,0.29246044544257355,0.275,0.2751831501831502,1.8383910352738346
3560,analcatdata_dmft,openml_repeat0_fold0_sample0,cos_fpde,ok,,69,69,21,573,144,80,6,0,3,3,0.4048103272212529,0.004306826999993518,0.7768759078861717,-0.05234546743595701,,-4.163336342344337e-17,0.4048103272212529,0.1815693053235049,0.22324102189774797,0.36759183307759086,0.2954164274876694,0.275,0.2751831501831502,1.8383910352738346
3560,analcatdata_dmft,openml_repeat0_fold0_sample0,hyb_fpde_grid,ok,,69,69,21,573,144,80,6,0,3,3,0.4048103272212529,0.006691455000009228,1.0,-0.06737944490824223,0.0,5.551115123125783e-17,0.4048103272212529,0.1815693053235049,0.22324102189774797,0.36759183307759086,0.2954164274876694,0.275,0.2751831501831502,1.8383910352738346
3560,analcatdata_dmft,openml_repeat0_fold0_sample0,shap,ok,,69,69,21,573,144,80,6,0,3,3,0.4048103272212529,0.22037946699998656,1.2855606077573338,,,,0.4048103272212529,0.17306683028071046,0.23174349694054241,0.3519368220221978,0.2918401594813701,0.275,0.2751831501831502,1.8383910352738346
3560,analcatdata_dmft,openml_repeat0_fold0_sample0,lime,ok,,69,69,21,573,144,80,6,0,3,3,0.4048103272212529,0.016194203999987167,0.1579045195864056,,,,0.4048103272212529,0.34559561071981626,0.059214716501436615,0.1298090104752894,0.094511863488363,0.275,0.2751831501831502,1.8383910352738346
3560,analcatdata_dmft,openml_repeat0_fold0_sample0,aime,ok,,69,69,21,573,144,80,6,0,3,3,0.4048103272212529,0.005572378000010758,5.149242558755493,,,,0.4048103272212529,0.19313877920130593,0.21167154801994695,0.35744134175298875,0.28455644488646786,0.275,0.2751831501831502,1.8383910352738346
3560,analcatdata_dmft,openml_repeat0_fold0_sample0,diff_fpde,ok,,70,70,21,573,144,80,6,0,5,5,0.25750483415814934,0.004235854000000927,0.5962529904312148,0.3420569574859673,,0.0,0.25750483415814934,0.121651143123922,0.13585369103422734,0.3018260048684345,0.21883984795133093,0.275,0.2751831501831502,1.8383910352738346
3560,analcatdata_dmft,openml_repeat0_fold0_sample0,cos_fpde,ok,,70,70,21,573,144,80,6,0,5,5,0.25750483415814934,0.00428990599999679,0.8321145082379147,0.4778875131261371,,0.0,0.25750483415814934,0.12259021344865659,0.13491462070949276,0.23744014907067296,0.18617738489008284,0.275,0.2751831501831502,1.8383910352738346
3560,analcatdata_dmft,openml_repeat0_fold0_sample0,hyb_fpde_grid,ok,,70,70,21,573,144,80,6,0,5,5,0.25750483415814934,0.006651690000012422,1.0,0.5743049885503276,0.0,0.0,0.25750483415814934,0.12259021344865659,0.13491462070949276,0.23744014907067296,0.18617738489008284,0.275,0.2751831501831502,1.8383910352738346
3560,analcatdata_dmft,openml_repeat0_fold0_sample0,shap,ok,,70,70,21,573,144,80,6,0,5,5,0.25750483415814934,0.22158339200001365,1.2011876866194813,,,,0.25750483415814934,0.0893113296419597,0.16819350451618964,0.33085601908800893,0.2495247618020993,0.275,0.2751831501831502,1.8383910352738346
3560,analcatdata_dmft,openml_repeat0_fold0_sample0,lime,ok,,70,70,21,573,144,80,6,0,5,5,0.25750483415814934,0.016821509000010337,0.16016080266058125,,,,0.25750483415814934,0.3968341633382559,-0.13932932918010654,0.09143170255607952,-0.02394881331201351,0.275,0.2751831501831502,1.8383910352738346
3560,analcatdata_dmft,openml_repeat0_fold0_sample0,aime,ok,,70,70,21,573,144,80,6,0,5,5,0.25750483415814934,0.005622560999995585,3.8541095019576126,,,,0.25750483415814934,0.09445073877871475,0.1630540953794346,0.3399093564690296,0.2514817259242321,0.275,0.2751831501831502,1.8383910352738346
3560,analcatdata_dmft,openml_repeat0_fold0_sample0,diff_fpde,ok,,71,71,21,573,144,80,6,0,1,1,0.28687720623451324,0.004293091999954868,0.6243179977162161,0.14113534062624417,,-6.106226635438361e-16,0.28687720623451324,0.19702345709263291,0.08985374914188032,0.2662477116925175,0.1780507304171989,0.275,0.2751831501831502,1.8383910352738346
3560,analcatdata_dmft,openml_repeat0_fold0_sample0,cos_fpde,ok,,71,71,21,573,144,80,6,0,1,1,0.28687720623451324,0.004333406999990075,1.1403099026860242,0.13631756830649358,,2.7755575615628914e-17,0.28687720623451324,0.21243623761514469,0.07444096861936855,0.24850073977345521,0.16147085419641188,0.275,0.2751831501831502,1.8383910352738346
3560,analcatdata_dmft,openml_repeat0_fold0_sample0,hyb_fpde_grid,ok,,71,71,21,573,144,80,6,0,1,1,0.28687720623451324,0.006760212999949999,1.0,0.11954431684351302,0.0,0.0,0.28687720623451324,0.21243623761514469,0.07444096861936855,0.24850073977345521,0.16147085419641188,0.275,0.2751831501831502,1.8383910352738346
3560,analcatdata_dmft,openml_repeat0_fold0_sample0,shap,ok,,71,71,21,573,144,80,6,0,1,1,0.28687720623451324,0.22109698099995967,1.535798632037763,,,,0.28687720623451324,0.13795757442576403,0.1489196318087492,0.31133117192772075,0.230125401868235,0.275,0.2751831501831502,1.8383910352738346
3560,analcatdata_dmft,openml_repeat0_fold0_sample0,lime,ok,,71,71,21,573,144,80,6,0,1,1,0.28687720623451324,0.01609422699999641,0.1547560480099332,,,,0.28687720623451324,0.3341893036283552,-0.047312097393841956,0.18424732484785436,0.0684676137270062,0.275,0.2751831501831502,1.8383910352738346
3560,analcatdata_dmft,openml_repeat0_fold0_sample0,aime,ok,,71,71,21,573,144,80,6,0,1,1,0.28687720623451324,0.005544284999984939,4.130005437335905,,,,0.28687720623451324,0.21108430679246298,0.07579289944205025,0.26500431729861884,0.17039860837033455,0.275,0.2751831501831502,1.8383910352738346
3560,analcatdata_dmft,openml_repeat0_fold0_sample0,diff_fpde,ok,,72,72,21,573,144,80,6,0,3,3,0.36603523584932857,0.0042941039999959685,0.920300842187018,-0.44590586513357433,,-4.440892098500626e-16,0.36603523584932857,0.22397297850937542,0.14206225733995315,0.30307494558616,0.22256860146305657,0.275,0.2751831501831502,1.8383910352738346
3560,analcatdata_dmft,openml_repeat0_fold0_sample0,cos_fpde,ok,,72,72,21,573,144,80,6,0,3,3,0.36603523584932857,0.004309341999999106,1.414494482882033,-0.6024905474885676,,-1.1102230246251565e-16,0.36603523584932857,0.20137883205506393,0.16465640379426463,0.30233407946016244,0.23349524162721352,0.275,0.2751831501831502,1.8383910352738346
3560,analcatdata_dmft,openml_repeat0_fold0_sample0,hyb_fpde_grid,ok,,72,72,21,573,144,80,6,0,3,3,0.36603523584932857,0.006730817999994088,0.9999999999999998,-0.425940542561179,0.0,5.551115123125783e-17,0.36603523584932857,0.20137883205506393,0.16465640379426463,0.30233407946016244,0.23349524162721352,0.275,0.2751831501831502,1.8383910352738346
3560,analcatdata_dmft,openml_repeat0_fold0_sample0,shap,ok,,72,72,21,573,144,80,6,0,3,3,0.36603523584932857,0.2245132009999793,1.1988979222470468,,,,0.36603523584932857,0.21134031602703182,0.15469491982229674,0.33836439559297626,0.24652965770763652,0.275,0.2751831501831502,1.8383910352738346
3560,analcatdata_dmft,openml_repeat0_fold0_sample0,lime,ok,,72,72,21,573,144,80,6,0,3,3,0.36603523584932857,0.016610845000002428,0.14207850735324498,,,,0.36603523584932857,0.3453170608402423,0.020718175009086293,0.1698159972481424,0.09526708612861434,0.275,0.2751831501831502,1.8383910352738346
3560,analcatdata_dmft,openml_repeat0_fold0_sample0,aime,ok,,72,72,21,573,144,80,6,0,3,3,0.36603523584932857,0.005537052000022413,2.100697814654389,,,,0.36603523584932857,0.20991235890685792,0.15612287694247065,0.291787814095106,0.22395534551878832,0.275,0.2751831501831502,1.8383910352738346
3560,analcatdata_dmft,openml_repeat0_fold0_sample0,diff_fpde,ok,,73,73,21,573,144,80,6,0,0,0,0.2582959688569746,0.004280348000008871,0.7866178085944432,-0.24303238655128417,,5.551115123125783e-17,0.2582959688569746,0.19785743587073448,0.06043853298624011,0.1930514260988956,0.12674497954256786,0.275,0.2751831501831502,1.8383910352738346
3560,analcatdata_dmft,openml_repeat0_fold0_sample0,cos_fpde,ok,,73,73,21,573,144,80,6,0,0,0,0.2582959688569746,0.004359445999966738,1.2343298881194134,-0.3051805394187478,,0.0,0.2582959688569746,0.19771117021976184,0.06058479863721275,0.20296930056944948,0.13177704960333111,0.275,0.2751831501831502,1.8383910352738346
3560,analcatdata_dmft,openml_repeat0_fold0_sample0,hyb_fpde_grid,ok,,73,73,21,573,144,80,6,0,0,0,0.2582959688569746,0.006726158999981635,1.0000000000000002,-0.24724390323539147,0.0,-2.7755575615628914e-17,0.2582959688569746,0.19771117021976184,0.06058479863721275,0.20296930056944948,0.13177704960333111,0.275,0.2751831501831502,1.8383910352738346
3560,analcatdata_dmft,openml_repeat0_fold0_sample0,shap,ok,,73,73,21,573,144,80,6,0,0,0,0.2582959688569746,0.22061038999999028,1.4869125148805173,,,,0.2582959688569746,0.14700121248468095,0.11129475637229364,0.2463094207574293,0.17880208856486146,0.275,0.2751831501831502,1.8383910352738346
3560,analcatdata_dmft,openml_repeat0_fold0_sample0,lime,ok,,73,73,21,573,144,80,6,0,0,0,0.2582959688569746,0.01623806599997124,0.110617972305299,,,,0.2582959688569746,0.3024664998937151,-0.04417053103674051,0.13571466598340892,0.045772067473334205,0.275,0.2751831501831502,1.8383910352738346
3560,analcatdata_dmft,openml_repeat0_fold0_sample0,aime,ok,,73,73,21,573,144,80,6,0,0,0,0.2582959688569746,0.005568741000047339,3.0601059265745563,,,,0.2582959688569746,0.20309584671091518,0.055200122146059405,0.22001151633333227,0.13760581923969584,0.275,0.2751831501831502,1.8383910352738346
3560,analcatdata_dmft,openml_repeat0_fold0_sample0,diff_fpde,ok,,74,74,21,573,144,80,6,0,0,0,0.3277271343060706,0.004274828000006892,0.6203974589229224,0.15244629347091965,,6.661338147750939e-16,0.3277271343060706,0.24453383657147054,0.08319329773460005,0.21454268757465844,0.14886799265462924,0.275,0.2751831501831502,1.8383910352738346
3560,analcatdata_dmft,openml_repeat0_fold0_sample0,cos_fpde,ok,,74,74,21,573,144,80,6,0,0,0,0.3277271343060706,0.004372369999998682,1.1112707475713277,0.25609160867371417,,2.220446049250313e-16,0.3277271343060706,0.24344884296954689,0.0842782913365237,0.2178366163559975,0.1510574538462606,0.275,0.2751831501831502,1.8383910352738346
3560,analcatdata_dmft,openml_repeat0_fold0_sample0,hyb_fpde_grid,ok,,74,74,21,573,144,80,6,0,0,0,0.3277271343060706,0.006731018000039057,1.0000000000000002,0.2304493385013508,0.0,-1.1102230246251565e-16,0.3277271343060706,0.24344884296954689,0.0842782913365237,0.2178366163559975,0.1510574538462606,0.275,0.2751831501831502,1.8383910352738346
3560,analcatdata_dmft,openml_repeat0_fold0_sample0,shap,ok,,74,74,21,573,144,80,6,0,0,0,0.3277271343060706,0.2218153789999633,1.3217930912697318,,,,0.3277271343060706,0.19905692964778213,0.12867020465828846,0.2963328205014174,0.21250151257985295,0.275,0.2751831501831502,1.8383910352738346
3560,analcatdata_dmft,openml_repeat0_fold0_sample0,lime,ok,,74,74,21,573,144,80,6,0,0,0,0.3277271343060706,0.016054193000002215,0.10248259527428916,,,,0.3277271343060706,0.278273877288819,0.04945325701725156,0.1671487579283274,0.10830100747278948,0.275,0.2751831501831502,1.8383910352738346
3560,analcatdata_dmft,openml_repeat0_fold0_sample0,aime,ok,,74,74,21,573,144,80,6,0,0,0,0.3277271343060706,0.0056225719999929424,3.281684706759398,,,,0.3277271343060706,0.22283616040352863,0.10489097390254196,0.27138320214890554,0.18813708802572376,0.275,0.2751831501831502,1.8383910352738346
3560,analcatdata_dmft,openml_repeat0_fold0_sample0,diff_fpde,ok,,75,75,21,573,144,80,6,0,0,0,0.30709212715183903,0.004286177999972551,0.4602346319008038,0.003284164852326091,,6.800116025829084e-16,0.30709212715183903,0.13676678893909588,0.17032533821274315,0.2907412266246128,0.230533282418678,0.275,0.2751831501831502,1.8383910352738346
3560,analcatdata_dmft,openml_repeat0_fold0_sample0,cos_fpde,ok,,75,75,21,573,144,80,6,0,0,0,0.30709212715183903,0.004323327999998128,0.7469438843543394,0.06451548547400264,,5.551115123125783e-17,0.30709212715183903,0.12915579036518757,0.17793633678665147,0.2852554891129161,0.23159591294978377,0.275,0.2751831501831502,1.8383910352738346
3560,analcatdata_dmft,openml_repeat0_fold0_sample0,hyb_fpde_grid,ok,,75,75,21,573,144,80,6,0,0,0,0.30709212715183903,0.006670124999970994,1.0,0.08637260017165815,0.0,-1.3877787807814457e-17,0.30709212715183903,0.12915579036518757,0.17793633678665147,0.2852554891129161,0.23159591294978377,0.275,0.2751831501831502,1.8383910352738346
3560,analcatdata_dmft,openml_repeat0_fold0_sample0,shap,ok,,75,75,21,573,144,80,6,0,0,0,0.30709212715183903,0.22266672199998538,1.6525788282113765,,,,0.30709212715183903,0.1807178127574028,0.12637431439443622,0.2546571213388894,0.19051571786666283,0.275,0.2751831501831502,1.8383910352738346
3560,analcatdata_dmft,openml_repeat0_fold0_sample0,lime,ok,,75,75,21,573,144,80,6,0,0,0,0.30709212715183903,0.016169437999963066,0.10872305423274255,,,,0.30709212715183903,0.25945111596568127,0.04764101118615777,0.12854220104073594,0.08809160611344685,0.275,0.2751831501831502,1.8383910352738346
3560,analcatdata_dmft,openml_repeat0_fold0_sample0,aime,ok,,75,75,21,573,144,80,6,0,0,0,0.30709212715183903,0.005550367000012102,6.35303476788018,,,,0.30709212715183903,0.12654925629854832,0.1805428708532907,0.29120706913365013,0.2358749699934704,0.275,0.2751831501831502,1.8383910352738346
3560,analcatdata_dmft,openml_repeat0_fold0_sample0,diff_fpde,ok,,76,76,21,573,144,80,6,0,0,0,0.26381680201851554,0.00427172199999859,0.5005744524604043,0.37037653194469344,,0.0,0.26381680201851554,0.2065660334814955,0.05725076853702005,0.25331430583609693,0.1552825371865585,0.275,0.2751831501831502,1.8383910352738346
3560,analcatdata_dmft,openml_repeat0_fold0_sample0,cos_fpde,ok,,76,76,21,573,144,80,6,0,0,0,0.26381680201851554,0.0043308520000096,0.8606140280676202,0.6163442401393157,,0.0,0.26381680201851554,0.2065660334814955,0.05725076853702005,0.25331430583609693,0.1552825371865585,0.275,0.2751831501831502,1.8383910352738346
3560,analcatdata_dmft,openml_repeat0_fold0_sample0,hyb_fpde_grid,ok,,76,76,21,573,144,80,6,0,0,0,0.26381680201851554,0.006705210999996325,1.0,0.7161680149732444,0.0,0.0,0.26381680201851554,0.2065660334814955,0.05725076853702005,0.25331430583609693,0.1552825371865585,0.275,0.2751831501831502,1.8383910352738346
3560,analcatdata_dmft,openml_repeat0_fold0_sample0,shap,ok,,76,76,21,573,144,80,6,0,0,0,0.26381680201851554,0.22155951700000287,1.439110896491633,,,,0.26381680201851554,0.1873378796299131,0.07647892238860243,0.31376225751631215,0.1951205899524573,0.275,0.2751831501831502,1.8383910352738346
3560,analcatdata_dmft,openml_repeat0_fold0_sample0,lime,ok,,76,76,21,573,144,80,6,0,0,0,0.26381680201851554,0.016179167000018424,0.11138301256245904,,,,0.26381680201851554,0.2853114111241468,-0.02149460910563128,0.17155516684938024,0.07503027887187448,0.275,0.2751831501831502,1.8383910352738346
3560,analcatdata_dmft,openml_repeat0_fold0_sample0,aime,ok,,76,76,21,573,144,80,6,0,0,0,0.26381680201851554,0.0055395770000359335,3.163145831396402,,,,0.26381680201851554,0.24189489924301244,0.0219219027755031,0.27205784747302597,0.14698987512426454,0.275,0.2751831501831502,1.8383910352738346
3560,analcatdata_dmft,openml_repeat0_fold0_sample0,diff_fpde,ok,,77,77,21,573,144,80,6,0,1,1,0.337502935654263,0.004332245000000512,0.6230467836628988,-0.23573142938763453,,-7.216449660063518e-16,0.337502935654263,0.20754270019284407,0.1299602354614189,0.30115803378354733,0.2155591346224831,0.275,0.2751831501831502,1.8383910352738346
3560,analcatdata_dmft,openml_repeat0_fold0_sample0,cos_fpde,ok,,77,77,21,573,144,80,6,0,1,1,0.337502935654263,0.0043557789999795204,1.1011120107440897,-0.3895106320980365,,5.551115123125783e-17,0.337502935654263,0.20407100840744652,0.13343192724681646,0.29964387791944624,0.21653790258313135,0.275,0.2751831501831502,1.8383910352738346
3560,analcatdata_dmft,openml_repeat0_fold0_sample0,hyb_fpde_grid,ok,,77,77,21,573,144,80,6,0,1,1,0.337502935654263,0.006761596000046666,1.0000000000000002,-0.3537429691960402,0.0,5.551115123125783e-17,0.337502935654263,0.20407100840744652,0.13343192724681646,0.29964387791944624,0.21653790258313135,0.275,0.2751831501831502,1.8383910352738346
3560,analcatdata_dmft,openml_repeat0_fold0_sample0,shap,ok,,77,77,21,573,144,80,6,0,1,1,0.337502935654263,0.22022509800001444,1.663024620908178,,,,0.337502935654263,0.1968979473542307,0.1406049883000323,0.2791981158894905,0.2099015520947614,0.275,0.2751831501831502,1.8383910352738346
3560,analcatdata_dmft,openml_repeat0_fold0_sample0,lime,ok,,77,77,21,573,144,80,6,0,1,1,0.337502935654263,0.016635791999988214,0.1435358294313268,,,,0.337502935654263,0.34607173581556067,-0.008568800161297685,0.16148824810913598,0.07645972397391915,0.275,0.2751831501831502,1.8383910352738346
3560,analcatdata_dmft,openml_repeat0_fold0_sample0,aime,ok,,77,77,21,573,144,80,6,0,1,1,0.337502935654263,0.005611170000008769,5.346434554709082,,,,0.337502935654263,0.24032468122285172,0.09717825443141126,0.2723454070508941,0.18476183074115268,0.275,0.2751831501831502,1.8383910352738346
3560,analcatdata_dmft,openml_repeat0_fold0_sample0,diff_fpde,ok,,78,78,21,573,144,80,6,0,3,3,0.42562071040919736,0.00436049800003957,0.49319749943450575,-0.27692043848860004,,1.1102230246251565e-16,0.42562071040919736,0.1364731115423919,0.28914759886680547,0.30529276444844544,0.2972201816576254,0.275,0.2751831501831502,1.8383910352738346
3560,analcatdata_dmft,openml_repeat0_fold0_sample0,cos_fpde,ok,,78,78,21,573,144,80,6,0,3,3,0.42562071040919736,0.004384141999992153,0.9641904489930903,-0.5029924753179666,,0.0,0.42562071040919736,0.11900489933889741,0.30661581107029995,0.3165386110992703,0.3115772110847851,0.275,0.2751831501831502,1.8383910352738346
3560,analcatdata_dmft,openml_repeat0_fold0_sample0,hyb_fpde_grid,ok,,78,78,21,573,144,80,6,0,3,3,0.42562071040919736,0.006819974999984879,1.0,-0.5216733642645441,0.0,-1.1102230246251565e-16,0.42562071040919736,0.11900489933889741,0.30661581107029995,0.3165386110992703,0.3115772110847851,0.275,0.2751831501831502,1.8383910352738346
3560,analcatdata_dmft,openml_repeat0_fold0_sample0,shap,ok,,78,78,21,573,144,80,6,0,3,3,0.42562071040919736,0.22573121199997104,1.1941952991125586,,,,0.42562071040919736,0.1436256585998688,0.28199505180932855,0.33944487770972076,0.3107199647595247,0.275,0.2751831501831502,1.8383910352738346
3560,analcatdata_dmft,openml_repeat0_fold0_sample0,lime,ok,,78,78,21,573,144,80,6,0,3,3,0.42562071040919736,0.016237816999989718,0.1403802468156566,,,,0.42562071040919736,0.3154956139916122,0.11012509641758517,0.11072412476246546,0.11042461059002531,0.275,0.2751831501831502,1.8383910352738346
3560,analcatdata_dmft,openml_repeat0_fold0_sample0,aime,ok,,78,78,21,573,144,80,6,0,3,3,0.42562071040919736,0.00553814400001329,7.416027587277318,,,,0.42562071040919736,0.14736446850897125,0.27825624190022613,0.3357947205512797,0.3070254812257529,0.275,0.2751831501831502,1.8383910352738346
3560,analcatdata_dmft,openml_repeat0_fold0_sample0,diff_fpde,ok,,79,79,21,573,144,80,6,0,0,0,0.38964779083884976,0.004281168999966667,0.45571161817078054,0.1098082713764328,,6.800116025829084e-16,0.38964779083884976,0.22744142011866966,0.1622063707201801,0.27277298871299366,0.2174896797165869,0.275,0.2751831501831502,1.8383910352738346
3560,analcatdata_dmft,openml_repeat0_fold0_sample0,cos_fpde,ok,,79,79,21,573,144,80,6,0,0,0,0.38964779083884976,0.004324630999974488,0.813355217232123,0.11103426742031294,,2.7755575615628914e-17,0.38964779083884976,0.22301311977165003,0.16663467106719973,0.2623399050192671,0.21448728804323342,0.275,0.2751831501831502,1.8383910352738346
3560,analcatdata_dmft,openml_repeat0_fold0_sample0,hyb_fpde_grid,ok,,79,79,21,573,144,80,6,0,0,0,0.38964779083884976,0.007315553000012187,1.0,0.1365138688089646,0.0,0.0,0.38964779083884976,0.22301311977165003,0.16663467106719973,0.2623399050192671,0.21448728804323342,0.275,0.2751831501831502,1.8383910352738346
3560,analcatdata_dmft,openml_repeat0_fold0_sample0,shap,ok,,79,79,21,573,144,80,6,0,0,0,0.38964779083884976,0.22385768199995937,1.6916108380305726,,,,0.38964779083884976,0.237248464282668,0.15239932655618177,0.21493068209042387,0.18366500432330282,0.275,0.2751831501831502,1.8383910352738346
3560,analcatdata_dmft,openml_repeat0_fold0_sample0,lime,ok,,79,79,21,573,144,80,6,0,0,0,0.38964779083884976,0.016101801999980125,0.10423902465963875,,,,0.38964779083884976,0.3251048569889602,0.06454293384988957,0.17163629485149642,0.118089614350693,0.275,0.2751831501831502,1.8383910352738346
3560,analcatdata_dmft,openml_repeat0_fold0_sample0,aime,ok,,79,79,21,573,144,80,6,0,0,0,0.38964779083884976,0.005557509999960075,3.7840404698440957,,,,0.38964779083884976,0.22509297365448674,0.16455481718436302,0.28433339092037674,0.22444410405236986,0.275,0.2751831501831502,1.8383910352738346
