task_id,dataset_name,split_name,method,status,error,explained_index,explained_order,n_features_transformed,n_train_fit,n_val,n_test,n_classes,true_label_encoded,pred_label_encoded,target_label_encoded,pred_target_probability,runtime_seconds,attr_l1_norm,evidence,lambda_hyb,exactness_residual,p0,deletion_auc,deletion_drop_auc,insertion_auc,combined_score,test_accuracy,test_balanced_accuracy,test_log_loss
49,tic-tac-toe,openml_repeat0_fold0_sample0,diff_fpde,ok,,0,0,27,689,173,96,2,1,1,1,0.9902180003526416,0.004291445000006888,2.5041050623097902,1.066222293978064,,-8.881784197001252e-16,0.9902180003526416,0.26539799893089255,0.7248200014217491,0.8071823948161729,0.766001198118961,0.96875,0.9545454545454546,0.1247585526866913
49,tic-tac-toe,openml_repeat0_fold0_sample0,cos_fpde,ok,,0,0,27,689,173,96,2,1,1,1,0.9902180003526416,0.004232545999997228,1.5302115665875622,0.5880237659894183,,1.1102230246251565e-16,0.9902180003526416,0.26539799893089255,0.7248200014217491,0.8071823948161729,0.766001198118961,0.96875,0.9545454545454546,0.1247585526866913
49,tic-tac-toe,openml_repeat0_fold0_sample0,hyb_fpde_grid,ok,,0,0,27,689,173,96,2,1,1,1,0.9902180003526416,0.006470600000000104,0.9999999999999999,0.42578976019264086,1.0,-1.1102230246251565e-16,0.9902180003526416,0.26539799893089255,0.7248200014217491,0.8071823948161729,0.766001198118961,0.96875,0.9545454545454546,0.1247585526866913
49,tic-tac-toe,openml_repeat0_fold0_sample0,shap,ok,,0,0,27,689,173,96,2,1,1,1,0.9902180003526416,0.12917554300000234,6.548882730827589,,,,0.9902180003526416,0.1828462714480687,0.807371728904573,0.9343583130492426,0.8708650209769078,0.96875,0.9545454545454546,0.1247585526866913
49,tic-tac-toe,openml_repeat0_fold0_sample0,lime,ok,,0,0,27,689,173,96,2,1,1,1,0.9902180003526416,0.010923427999998125,0.6567520500864943,,,,0.9902180003526416,0.8338444614245489,0.1563735389280927,0.18345877283493697,0.16991615588151482,0.96875,0.9545454545454546,0.1247585526866913
49,tic-tac-toe,openml_repeat0_fold0_sample0,aime,ok,,0,0,27,689,173,96,2,1,1,1,0.9902180003526416,0.0059571700000020655,7.576277657282471,,,,0.9902180003526416,0.289627366925969,0.7005906334266726,0.7975488988899286,0.7490697661583006,0.96875,0.9545454545454546,0.1247585526866913
49,tic-tac-toe,openml_repeat0_fold0_sample0,diff_fpde,ok,,1,1,27,689,173,96,2,1,1,1,0.8988119423540913,0.004125063999993017,2.525634649944962,-0.5776828664124523,,8.881784197001252e-16,0.8988119423540913,0.5995273912814125,0.2992845510726788,0.8535934899214688,0.5764390204970737,0.96875,0.9545454545454546,0.1247585526866913
49,tic-tac-toe,openml_repeat0_fold0_sample0,cos_fpde,ok,,1,1,27,689,173,96,2,1,1,1,0.8988119423540913,0.004185737000000245,1.6162625263736812,-0.44585153002326683,,5.551115123125783e-17,0.8988119423540913,0.5995273912814125,0.2992845510726788,0.8535934899214688,0.5764390204970737,0.96875,0.9545454545454546,0.1247585526866913
49,tic-tac-toe,openml_repeat0_fold0_sample0,hyb_fpde_grid,ok,,1,1,27,689,173,96,2,1,1,1,0.8988119423540913,0.0063418900000016265,1.0,-0.22872780369284246,1.0,5.551115123125783e-17,0.8988119423540913,0.5995273912814125,0.2992845510726788,0.8535934899214688,0.5764390204970737,0.96875,0.9545454545454546,0.1247585526866913
49,tic-tac-toe,openml_repeat0_fold0_sample0,shap,ok,,1,1,27,689,173,96,2,1,1,1,0.8988119423540913,0.039185106999994446,8.011798595974303,,,,0.8988119423540913,0.4997388480512987,0.39907309430279264,0.9120261621723844,0.6555496282375886,0.96875,0.9545454545454546,0.1247585526866913
49,tic-tac-toe,openml_repeat0_fold0_sample0,lime,ok,,1,1,27,689,173,96,2,1,1,1,0.8988119423540913,0.010279352999987168,0.6358283859655006,,,,0.8988119423540913,0.9156802704407374,-0.016868328086646067,0.5257445169473582,0.2544380944303561,0.96875,0.9545454545454546,0.1247585526866913
49,tic-tac-toe,openml_repeat0_fold0_sample0,aime,ok,,1,1,27,689,173,96,2,1,1,1,0.8988119423540913,0.005498903000002997,5.837300989070629,,,,0.8988119423540913,0.6108515672402157,0.2879603751138756,0.8182154721258963,0.553087923619886,0.96875,0.9545454545454546,0.1247585526866913
49,tic-tac-toe,openml_repeat0_fold0_sample0,diff_fpde,ok,,2,2,27,689,173,96,2,1,1,1,0.9447409437705667,0.004120997000001125,2.56056019733721,-0.15639044428321014,,1.1102230246251565e-16,0.9447409437705667,0.250737183563453,0.6940037602071137,0.6161907699573109,0.6550972650822123,0.96875,0.9545454545454546,0.1247585526866913
49,tic-tac-toe,openml_repeat0_fold0_sample0,cos_fpde,ok,,2,2,27,689,173,96,2,1,1,1,0.9447409437705667,0.004149068000003808,1.5508503384635728,-0.1800783722821579,,0.0,0.9447409437705667,0.250737183563453,0.6940037602071137,0.6161907699573109,0.6550972650822123,0.96875,0.9545454545454546,0.1247585526866913
49,tic-tac-toe,openml_repeat0_fold0_sample0,hyb_fpde_grid,ok,,2,2,27,689,173,96,2,1,1,1,0.9447409437705667,0.006349344000000201,1.0000000000000002,-0.06107665207240374,1.0,-3.469446951953614e-17,0.9447409437705667,0.250737183563453,0.6940037602071137,0.6161907699573109,0.6550972650822123,0.96875,0.9545454545454546,0.1247585526866913
49,tic-tac-toe,openml_repeat0_fold0_sample0,shap,ok,,2,2,27,689,173,96,2,1,1,1,0.9447409437705667,0.040175308999991444,7.908555160347657,,,,0.9447409437705667,0.15889461727564735,0.7858463264949194,0.8390335305211696,0.8124399285080445,0.96875,0.9545454545454546,0.1247585526866913
49,tic-tac-toe,openml_repeat0_fold0_sample0,lime,ok,,2,2,27,689,173,96,2,1,1,1,0.9447409437705667,0.010197891000004233,0.6681981555472895,,,,0.9447409437705667,0.8840286156184105,0.060712328152156214,0.18072704111911048,0.12071968463563335,0.96875,0.9545454545454546,0.1247585526866913
49,tic-tac-toe,openml_repeat0_fold0_sample0,aime,ok,,2,2,27,689,173,96,2,1,1,1,0.9447409437705667,0.0054049780000013925,7.944460085213226,,,,0.9447409437705667,0.250737183563453,0.6940037602071137,0.6161907699573109,0.6550972650822123,0.96875,0.9545454545454546,0.1247585526866913
49,tic-tac-toe,openml_repeat0_fold0_sample0,diff_fpde,ok,,3,3,27,689,173,96,2,1,1,1,0.9047045155063543,0.004097000999990996,2.506148144430677,-0.1402491146690772,,4.440892098500626e-16,0.9047045155063543,0.7097622040723033,0.19494231143405105,0.6972108619460164,0.44607658669003375,0.96875,0.9545454545454546,0.1247585526866913
49,tic-tac-toe,openml_repeat0_fold0_sample0,cos_fpde,ok,,3,3,27,689,173,96,2,1,1,1,0.9047045155063543,0.004145492000006357,1.6069949824974077,-0.174145345729318,,-5.551115123125783e-17,0.9047045155063543,0.7249992634218068,0.17970525208454757,0.6725543337848624,0.426129792934705,0.96875,0.9545454545454546,0.1247585526866913
49,tic-tac-toe,openml_repeat0_fold0_sample0,hyb_fpde_grid,ok,,3,3,27,689,173,96,2,1,1,1,0.9047045155063543,0.006331560000006675,1.0,-0.055962020832945505,1.0,-2.7755575615628914e-17,0.9047045155063543,0.7097622040723033,0.19494231143405105,0.6972108619460164,0.44607658669003375,0.96875,0.9545454545454546,0.1247585526866913
49,tic-tac-toe,openml_repeat0_fold0_sample0,shap,ok,,3,3,27,689,173,96,2,1,1,1,0.9047045155063543,0.037148518999998714,7.126216260143309,,,,0.9047045155063543,0.3580448673394453,0.546659648166909,0.9231169591408425,0.7348883036538758,0.96875,0.9545454545454546,0.1247585526866913
49,tic-tac-toe,openml_repeat0_fold0_sample0,lime,ok,,3,3,27,689,173,96,2,1,1,1,0.9047045155063543,0.010279563000011649,0.6367826166691162,,,,0.9047045155063543,0.9366048156034861,-0.03190030009713174,0.37734011937745326,0.17271990964016076,0.96875,0.9545454545454546,0.1247585526866913
49,tic-tac-toe,openml_repeat0_fold0_sample0,aime,ok,,3,3,27,689,173,96,2,1,1,1,0.9047045155063543,0.005391572999997152,5.725819075461165,,,,0.9047045155063543,0.7249992634218068,0.17970525208454757,0.6725543337848624,0.426129792934705,0.96875,0.9545454545454546,0.1247585526866913
49,tic-tac-toe,openml_repeat0_fold0_sample0,diff_fpde,ok,,4,4,27,689,173,96,2,1,1,1,0.9162893803668742,0.0040908799999925805,2.5161311790154794,-0.5771621783603835,,2.220446049250313e-16,0.9162893803668742,0.5747781611247156,0.34151121924215866,0.8874936726726306,0.6145024459573947,0.96875,0.9545454545454546,0.1247585526866913
49,tic-tac-toe,openml_repeat0_fold0_sample0,cos_fpde,ok,,4,4,27,689,173,96,2,1,1,1,0.9162893803668742,0.0041538770000073555,1.611176216152414,-0.44586298359166043,,5.551115123125783e-17,0.9162893803668742,0.5747781611247156,0.34151121924215866,0.8874936726726306,0.6145024459573947,0.96875,0.9545454545454546,0.1247585526866913
49,tic-tac-toe,openml_repeat0_fold0_sample0,hyb_fpde_grid,ok,,4,4,27,689,173,96,2,1,1,1,0.9162893803668742,0.006329796999992254,1.0000000000000002,-0.2293847726119818,1.0,2.7755575615628914e-17,0.9162893803668742,0.5747781611247156,0.34151121924215866,0.8874936726726306,0.6145024459573947,0.96875,0.9545454545454546,0.1247585526866913
49,tic-tac-toe,openml_repeat0_fold0_sample0,shap,ok,,4,4,27,689,173,96,2,1,1,1,0.9162893803668742,0.03729116600000282,7.362774939372599,,,,0.9162893803668742,0.41404214688353036,0.5022472334833439,0.949102282196479,0.7256747578399114,0.96875,0.9545454545454546,0.1247585526866913
49,tic-tac-toe,openml_repeat0_fold0_sample0,lime,ok,,4,4,27,689,173,96,2,1,1,1,0.9162893803668742,0.010732080000011024,0.6357494747963606,,,,0.9162893803668742,0.9325269511846235,-0.016237570817749236,0.45882639702100214,0.22129441310162645,0.96875,0.9545454545454546,0.1247585526866913
49,tic-tac-toe,openml_repeat0_fold0_sample0,aime,ok,,4,4,27,689,173,96,2,1,1,1,0.9162893803668742,0.005429833999997413,5.815023864989196,,,,0.9162893803668742,0.5747781611247156,0.34151121924215866,0.8874936726726306,0.6145024459573947,0.96875,0.9545454545454546,0.1247585526866913
49,tic-tac-toe,openml_repeat0_fold0_sample0,diff_fpde,ok,,5,5,27,689,173,96,2,1,1,1,0.9934699157138679,0.004123860999996509,2.538043500033824,2.1066500020208343,,8.881784197001252e-16,0.9934699157138679,0.47107781598953935,0.5223920997243285,0.7146486081018166,0.6185203539130726,0.96875,0.9545454545454546,0.1247585526866913
49,tic-tac-toe,openml_repeat0_fold0_sample0,cos_fpde,ok,,5,5,27,689,173,96,2,1,1,1,0.9934699157138679,0.004479728000006844,1.533546676374877,1.2506052575370703,,4.440892098500626e-16,0.9934699157138679,0.47107781598953935,0.5223920997243285,0.7146486081018166,0.6185203539130726,0.96875,0.9545454545454546,0.1247585526866913
49,tic-tac-toe,openml_repeat0_fold0_sample0,hyb_fpde_grid,ok,,5,5,27,689,173,96,2,1,1,1,0.9934699157138679,0.006397733999989441,1.0000000000000002,0.8300291157313731,1.0,0.0,0.9934699157138679,0.47107781598953935,0.5223920997243285,0.7146486081018166,0.6185203539130726,0.96875,0.9545454545454546,0.1247585526866913
49,tic-tac-toe,openml_repeat0_fold0_sample0,shap,ok,,5,5,27,689,173,96,2,1,1,1,0.9934699157138679,0.03824486900001034,5.74564945270545,,,,0.9934699157138679,0.23594772009453058,0.7575221956193373,0.8946271809804698,0.8260746882999035,0.96875,0.9545454545454546,0.1247585526866913
49,tic-tac-toe,openml_repeat0_fold0_sample0,lime,ok,,5,5,27,689,173,96,2,1,1,1,0.9934699157138679,0.010685452000004148,0.6561100296452662,,,,0.9934699157138679,0.8042580050217994,0.18921191069206844,0.1839051554169006,0.18655853305448453,0.96875,0.9545454545454546,0.1247585526866913
49,tic-tac-toe,openml_repeat0_fold0_sample0,aime,ok,,5,5,27,689,173,96,2,1,1,1,0.9934699157138679,0.005342841000000931,7.627528600652833,,,,0.9934699157138679,0.4889014903133147,0.5045684254005531,0.6605206910824608,0.582544558241507,0.96875,0.9545454545454546,0.1247585526866913
49,tic-tac-toe,openml_repeat0_fold0_sample0,diff_fpde,ok,,6,6,27,689,173,96,2,1,1,1,0.9843249504010312,0.004090709999999831,2.5306876703795993,0.7046602298218575,,-5.551115123125783e-16,0.9843249504010312,0.2497861794404787,0.7345387709605524,0.8066095174263682,0.7705741441934604,0.96875,0.9545454545454546,0.1247585526866913
49,tic-tac-toe,openml_repeat0_fold0_sample0,cos_fpde,ok,,6,6,27,689,173,96,2,1,1,1,0.9843249504010312,0.004163876999996319,1.5189846447422601,0.351393212910394,,5.551115123125783e-17,0.9843249504010312,0.2497861794404787,0.7345387709605524,0.8066095174263682,0.7705741441934604,0.96875,0.9545454545454546,0.1247585526866913
49,tic-tac-toe,openml_repeat0_fold0_sample0,hyb_fpde_grid,ok,,6,6,27,689,173,96,2,1,1,1,0.9843249504010312,0.006270837000002416,0.9999999999999999,0.2784461465037918,1.0,0.0,0.9843249504010312,0.2497861794404787,0.7345387709605524,0.8066095174263682,0.7705741441934604,0.96875,0.9545454545454546,0.1247585526866913
49,tic-tac-toe,openml_repeat0_fold0_sample0,shap,ok,,6,6,27,689,173,96,2,1,1,1,0.9843249504010312,0.03820922299999552,6.544265681783587,,,,0.9843249504010312,0.17495837190455862,0.8093665784964725,0.9308197902928168,0.8700931843946447,0.96875,0.9545454545454546,0.1247585526866913
49,tic-tac-toe,openml_repeat0_fold0_sample0,lime,ok,,6,6,27,689,173,96,2,1,1,1,0.9843249504010312,0.010615762000000473,0.6797737709800291,,,,0.9843249504010312,0.8284118821491868,0.15591306825184437,0.1789259189388535,0.16741949359534894,0.96875,0.9545454545454546,0.1247585526866913
49,tic-tac-toe,openml_repeat0_fold0_sample0,aime,ok,,6,6,27,689,173,96,2,1,1,1,0.9843249504010312,0.005325880000000893,7.76508122882153,,,,0.9843249504010312,0.25392934856635796,0.7303956018346732,0.7967391610791551,0.7635673814569142,0.96875,0.9545454545454546,0.1247585526866913
49,tic-tac-toe,openml_repeat0_fold0_sample0,diff_fpde,ok,,7,7,27,689,173,96,2,1,1,1,0.9883500526191283,0.004076683999997499,2.4962073685036374,1.2744975148055862,,1.1102230246251565e-15,0.9883500526191283,0.34948990773675115,0.6388601448823772,0.674583332822115,0.6567217388522462,0.96875,0.9545454545454546,0.1247585526866913
49,tic-tac-toe,openml_repeat0_fold0_sample0,cos_fpde,ok,,7,7,27,689,173,96,2,1,1,1,0.9883500526191283,0.004156562999995117,1.456231429514931,0.6887861526729928,,0.0,0.9883500526191283,0.34948990773675115,0.6388601448823772,0.674583332822115,0.6567217388522462,0.96875,0.9545454545454546,0.1247585526866913
49,tic-tac-toe,openml_repeat0_fold0_sample0,hyb_fpde_grid,ok,,7,7,27,689,173,96,2,1,1,1,0.9883500526191283,0.0063421100000056185,1.0000000000000002,0.5105735728877321,1.0,-1.1102230246251565e-16,0.9883500526191283,0.34948990773675115,0.6388601448823772,0.674583332822115,0.6567217388522462,0.96875,0.9545454545454546,0.1247585526866913
49,tic-tac-toe,openml_repeat0_fold0_sample0,shap,ok,,7,7,27,689,173,96,2,1,1,1,0.9883500526191283,0.03836579599999368,7.065412790097392,,,,0.9883500526191283,0.20294224643215442,0.7854078061869739,0.9363833157031483,0.860895560945061,0.96875,0.9545454545454546,0.1247585526866913
49,tic-tac-toe,openml_repeat0_fold0_sample0,lime,ok,,7,7,27,689,173,96,2,1,1,1,0.9883500526191283,0.010581317999992734,0.6895941429154477,,,,0.9883500526191283,0.8819010155877491,0.1064490370313792,0.18409051496940174,0.14526977600039048,0.96875,0.9545454545454546,0.1247585526866913
49,tic-tac-toe,openml_repeat0_fold0_sample0,aime,ok,,7,7,27,689,173,96,2,1,1,1,0.9883500526191283,0.00531665199999054,7.551584855948066,,,,0.9883500526191283,0.3536536606435712,0.6346963919755572,0.6727505412799795,0.6537234666277683,0.96875,0.9545454545454546,0.1247585526866913
49,tic-tac-toe,openml_repeat0_fold0_sample0,diff_fpde,ok,,8,8,27,689,173,96,2,1,1,1,0.9894910325226408,0.004097201999996969,2.5414735470144496,0.21906283326211792,,7.494005416219807e-16,0.9894910325226408,0.3772779361705737,0.6122130963520671,0.8019743617764731,0.70709372906427,0.96875,0.9545454545454546,0.1247585526866913
49,tic-tac-toe,openml_repeat0_fold0_sample0,cos_fpde,ok,,8,8,27,689,173,96,2,1,1,1,0.9894910325226408,0.004159447999995791,1.5495314663618753,0.051699538020928984,,6.938893903907228e-17,0.9894910325226408,0.3772779361705737,0.6122130963520671,0.8019743617764731,0.70709372906427,0.96875,0.9545454545454546,0.1247585526866913
49,tic-tac-toe,openml_repeat0_fold0_sample0,hyb_fpde_grid,ok,,8,8,27,689,173,96,2,1,1,1,0.9894910325226408,0.006278190000003292,1.0,0.0861952049508672,1.0,0.0,0.9894910325226408,0.3772779361705737,0.6122130963520671,0.8019743617764731,0.70709372906427,0.96875,0.9545454545454546,0.1247585526866913
49,tic-tac-toe,openml_repeat0_fold0_sample0,shap,ok,,8,8,27,689,173,96,2,1,1,1,0.9894910325226408,0.039125605999998925,6.96408907087479,,,,0.9894910325226408,0.21882259867137216,0.7706684338512686,0.9738125393407138,0.8722404865959912,0.96875,0.9545454545454546,0.1247585526866913
49,tic-tac-toe,openml_repeat0_fold0_sample0,lime,ok,,8,8,27,689,173,96,2,1,1,1,0.9894910325226408,0.010711319999998636,0.6242353317837783,,,,0.9894910325226408,0.8693835114436239,0.1201075210790169,0.18309827496982967,0.15160289802442328,0.96875,0.9545454545454546,0.1247585526866913
49,tic-tac-toe,openml_repeat0_fold0_sample0,aime,ok,,8,8,27,689,173,96,2,1,1,1,0.9894910325226408,0.005372326999989241,7.798152509262892,,,,0.9894910325226408,0.3772779361705737,0.6122130963520671,0.8019743617764731,0.70709372906427,0.96875,0.9545454545454546,0.1247585526866913
49,tic-tac-toe,openml_repeat0_fold0_sample0,diff_fpde,ok,,9,9,27,689,173,96,2,1,1,1,0.9902081209281363,0.004087513000001763,2.519668370781454,0.4430702716628617,,-7.771561172376096e-16,0.9902081209281363,0.21943613137854545,0.7707719895495908,0.8140994105251469,0.7924357000373689,0.96875,0.9545454545454546,0.1247585526866913
49,tic-tac-toe,openml_repeat0_fold0_sample0,cos_fpde,ok,,9,9,27,689,173,96,2,1,1,1,0.9902081209281363,0.004126487000007728,1.4489679804931423,0.1808993616804594,,5.551115123125783e-17,0.9902081209281363,0.21943613137854545,0.7707719895495908,0.814098779126762,0.7924353843381764,0.96875,0.9545454545454546,0.1247585526866913
49,tic-tac-toe,openml_repeat0_fold0_sample0,hyb_fpde_grid,ok,,9,9,27,689,173,96,2,1,1,1,0.9902081209281363,0.006323444999992489,0.9999999999999998,0.17584467733960044,1.0,-1.1102230246251565e-16,0.9902081209281363,0.21943613137854545,0.7707719895495908,0.8140994105251469,0.7924357000373689,0.96875,0.9545454545454546,0.1247585526866913
49,tic-tac-toe,openml_repeat0_fold0_sample0,shap,ok,,9,9,27,689,173,96,2,1,1,1,0.9902081209281363,0.03835357300000908,7.316820856001209,,,,0.9902081209281363,0.16362024366262565,0.8265878772655106,0.938085875849164,0.8823368765573374,0.96875,0.9545454545454546,0.1247585526866913
49,tic-tac-toe,openml_repeat0_fold0_sample0,lime,ok,,9,9,27,689,173,96,2,1,1,1,0.9902081209281363,0.010749232000009101,0.7452817327781623,,,,0.9902081209281363,0.8362956874910027,0.15391243343713357,0.19386063265155185,0.1738865330443427,0.96875,0.9545454545454546,0.1247585526866913
49,tic-tac-toe,openml_repeat0_fold0_sample0,aime,ok,,9,9,27,689,173,96,2,1,1,1,0.9902081209281363,0.005369440999999142,7.788192395152251,,,,0.9902081209281363,0.22308773363282036,0.7671203872953158,0.8138992440560695,0.7905098156756927,0.96875,0.9545454545454546,0.1247585526866913
49,tic-tac-toe,openml_repeat0_fold0_sample0,diff_fpde,ok,,10,10,27,689,173,96,2,1,1,1,0.9819079509632856,0.004116207999999233,2.469089089416208,1.2559201089478453,,1.1102230246251565e-15,0.9819079509632856,0.24580000475774336,0.7361079462055423,0.810093811629129,0.7731008789173357,0.96875,0.9545454545454546,0.1247585526866913
49,tic-tac-toe,openml_repeat0_fold0_sample0,cos_fpde,ok,,10,10,27,689,173,96,2,1,1,1,0.9819079509632856,0.004197039000004565,1.4450286223261906,0.680119952187267,,1.1102230246251565e-16,0.9819079509632856,0.24580000475774336,0.7361079462055423,0.810093811629129,0.7731008789173357,0.96875,0.9545454545454546,0.1247585526866913
49,tic-tac-toe,openml_repeat0_fold0_sample0,hyb_fpde_grid,ok,,10,10,27,689,173,96,2,1,1,1,0.9819079509632856,0.006350735999987478,0.9999999999999999,0.5086572673020864,1.0,0.0,0.9819079509632856,0.24580000475774336,0.7361079462055423,0.810093811629129,0.7731008789173357,0.96875,0.9545454545454546,0.1247585526866913
49,tic-tac-toe,openml_repeat0_fold0_sample0,shap,ok,,10,10,27,689,173,96,2,1,1,1,0.9819079509632856,0.03885848699999883,6.598062265992812,,,,0.9819079509632856,0.17167127063892046,0.8102366803243652,0.9311541595584114,0.8706954199413883,0.96875,0.9545454545454546,0.1247585526866913
49,tic-tac-toe,openml_repeat0_fold0_sample0,lime,ok,,10,10,27,689,173,96,2,1,1,1,0.9819079509632856,0.01070281500000192,0.6930222751288687,,,,0.9819079509632856,0.8897033358153259,0.09220461514795975,0.18003112763101098,0.13611787138948536,0.96875,0.9545454545454546,0.1247585526866913
49,tic-tac-toe,openml_repeat0_fold0_sample0,aime,ok,,10,10,27,689,173,96,2,1,1,1,0.9819079509632856,0.005395039000006818,7.426605302276227,,,,0.9819079509632856,0.259495089778636,0.7224128611846496,0.7984481996471648,0.7604305304159072,0.96875,0.9545454545454546,0.1247585526866913
49,tic-tac-toe,openml_repeat0_fold0_sample0,diff_fpde,ok,,11,11,27,689,173,96,2,1,1,1,0.944372392397837,0.0041288409999964415,2.454153445026056,-0.015860458230211677,,-5.828670879282072e-16,0.944372392397837,0.673134140115451,0.27123825228238596,0.5975927299375524,0.4344154911099692,0.96875,0.9545454545454546,0.1247585526866913
49,tic-tac-toe,openml_repeat0_fold0_sample0,cos_fpde,ok,,11,11,27,689,173,96,2,1,1,1,0.944372392397837,0.00419709900000953,1.48332408117946,-0.09029596792474245,,2.7755575615628914e-17,0.944372392397837,0.6823281770400277,0.2620442153578093,0.5873637555092959,0.4247039854335526,0.96875,0.9545454545454546,0.1247585526866913
49,tic-tac-toe,openml_repeat0_fold0_sample0,hyb_fpde_grid,ok,,11,11,27,689,173,96,2,1,1,1,0.944372392397837,0.006371744999995599,1.0,-0.00646270031010357,1.0,1.734723475976807e-17,0.944372392397837,0.673134140115451,0.27123825228238596,0.5975927299375524,0.4344154911099692,0.96875,0.9545454545454546,0.1247585526866913
49,tic-tac-toe,openml_repeat0_fold0_sample0,shap,ok,,11,11,27,689,173,96,2,1,1,1,0.944372392397837,0.03813226799999825,6.880235158167649,,,,0.944372392397837,0.6007891371912614,0.3435832552065756,0.9261652922175376,0.6348742737120566,0.96875,0.9545454545454546,0.1247585526866913
49,tic-tac-toe,openml_repeat0_fold0_sample0,lime,ok,,11,11,27,689,173,96,2,1,1,1,0.944372392397837,0.01069943800000317,0.6786882759095008,,,,0.944372392397837,0.9089185656290443,0.03545382676879272,0.7139870444829273,0.37472043562586,0.96875,0.9545454545454546,0.1247585526866913
49,tic-tac-toe,openml_repeat0_fold0_sample0,aime,ok,,11,11,27,689,173,96,2,1,1,1,0.944372392397837,0.005350636000002851,5.634036566110765,,,,0.944372392397837,0.6872561224260191,0.2571162699718179,0.598787539368158,0.42795190466998795,0.96875,0.9545454545454546,0.1247585526866913
49,tic-tac-toe,openml_repeat0_fold0_sample0,diff_fpde,ok,,12,12,27,689,173,96,2,1,1,1,0.9736190372652935,0.004071823999993285,2.58855456943145,0.5206527914211138,,9.992007221626409e-16,0.9736190372652935,0.21879220557574622,0.7548268316895473,0.8029040669314849,0.778865449310516,0.96875,0.9545454545454546,0.1247585526866913
49,tic-tac-toe,openml_repeat0_fold0_sample0,cos_fpde,ok,,12,12,27,689,173,96,2,1,1,1,0.9736190372652935,0.004294870999999034,1.6620337324802916,0.2533907270343807,,0.0,0.9736190372652935,0.22301131085964881,0.7506077264056448,0.7932705710052406,0.7719391487054427,0.96875,0.9545454545454546,0.1247585526866913
49,tic-tac-toe,openml_repeat0_fold0_sample0,hyb_fpde_grid,ok,,12,12,27,689,173,96,2,1,1,1,0.9736190372652935,0.006291354999987675,1.0,0.20113649430827724,1.0,2.7755575615628914e-17,0.9736190372652935,0.21879220557574622,0.7548268316895473,0.8029040669314849,0.778865449310516,0.96875,0.9545454545454546,0.1247585526866913
49,tic-tac-toe,openml_repeat0_fold0_sample0,shap,ok,,12,12,27,689,173,96,2,1,1,1,0.9736190372652935,0.03864731199999483,6.569821069711307,,,,0.9736190372652935,0.1548425593212177,0.8187764779440758,0.9315540230074422,0.875165250475759,0.96875,0.9545454545454546,0.1247585526866913
49,tic-tac-toe,openml_repeat0_fold0_sample0,lime,ok,,12,12,27,689,173,96,2,1,1,1,0.9736190372652935,0.010726559000005409,0.7353045294454014,,,,0.9736190372652935,0.8593129925007703,0.11430604476452322,0.17445342776900594,0.1443797362667646,0.96875,0.9545454545454546,0.1247585526866913
49,tic-tac-toe,openml_repeat0_fold0_sample0,aime,ok,,12,12,27,689,173,96,2,1,1,1,0.9736190372652935,0.005332211999999004,7.908363980444978,,,,0.9736190372652935,0.22485440371778223,0.7487646335475113,0.7933095180430543,0.7710370757952828,0.96875,0.9545454545454546,0.1247585526866913
49,tic-tac-toe,openml_repeat0_fold0_sample0,diff_fpde,ok,,13,13,27,689,173,96,2,1,1,1,0.9560323847010641,0.004122538999993708,2.5338517343624676,-0.9474457673887425,,1.2212453270876722e-15,0.9560323847010641,0.7140584963659035,0.24197388833516065,0.7774080225069808,0.5096909554210707,0.96875,0.9545454545454546,0.1247585526866913
49,tic-tac-toe,openml_repeat0_fold0_sample0,cos_fpde,ok,,13,13,27,689,173,96,2,1,1,1,0.9560323847010641,0.004128932000000418,1.6425278127722698,-0.6828678590206929,,-2.220446049250313e-16,0.9560323847010641,0.7140584963659035,0.24197388833516065,0.7774080225069808,0.5096909554210707,0.96875,0.9545454545454546,0.1247585526866913
49,tic-tac-toe,openml_repeat0_fold0_sample0,hyb_fpde_grid,ok,,13,13,27,689,173,96,2,1,1,1,0.9560323847010641,0.006418604000003825,1.0000000000000002,-0.37391523526814635,1.0,-5.551115123125783e-17,0.9560323847010641,0.7140584963659035,0.24197388833516065,0.7774080225069808,0.5096909554210707,0.96875,0.9545454545454546,0.1247585526866913
49,tic-tac-toe,openml_repeat0_fold0_sample0,shap,ok,,13,13,27,689,173,96,2,1,1,1,0.9560323847010641,0.03947721400000148,7.7751615395416565,,,,0.9560323847010641,0.6083948941318706,0.34763749056919346,0.9382557529609727,0.6429466217650831,0.96875,0.9545454545454546,0.1247585526866913
49,tic-tac-toe,openml_repeat0_fold0_sample0,lime,ok,,13,13,27,689,173,96,2,1,1,1,0.9560323847010641,0.01088440399999513,0.6193328062669144,,,,0.9560323847010641,0.9411247012935875,0.014907683407476613,0.631526509378004,0.3232170963927403,0.96875,0.9545454545454546,0.1247585526866913
49,tic-tac-toe,openml_repeat0_fold0_sample0,aime,ok,,13,13,27,689,173,96,2,1,1,1,0.9560323847010641,0.005479827000002047,5.841366802153535,,,,0.9560323847010641,0.7140584963659035,0.24197388833516065,0.7774080225069808,0.5096909554210707,0.96875,0.9545454545454546,0.1247585526866913
49,tic-tac-toe,openml_repeat0_fold0_sample0,diff_fpde,ok,,14,14,27,689,173,96,2,1,1,1,0.9371745247380385,0.0041962880000028235,2.4640711427182636,0.007403140096148439,,-5.134781488891349e-16,0.9371745247380385,0.7261391262883699,0.21103539844966868,0.6158867758142211,0.4134610871319449,0.96875,0.9545454545454546,0.1247585526866913
49,tic-tac-toe,openml_repeat0_fold0_sample0,cos_fpde,ok,,14,14,27,689,173,96,2,1,1,1,0.9371745247380385,0.004200324999999339,1.4928799751013018,-0.07666213694731419,,-5.551115123125783e-17,0.9371745247380385,0.7261391262883699,0.21103539844966868,0.6158867758142211,0.4134610871319449,0.96875,0.9545454545454546,0.1247585526866913
49,tic-tac-toe,openml_repeat0_fold0_sample0,hyb_fpde_grid,ok,,14,14,27,689,173,96,2,1,1,1,0.9371745247380385,0.006432368000005795,0.9999999999999996,0.0030044343963143774,1.0,-6.071532165918825e-18,0.9371745247380385,0.7261391262883699,0.21103539844966868,0.6158867758142211,0.4134610871319449,0.96875,0.9545454545454546,0.1247585526866913
49,tic-tac-toe,openml_repeat0_fold0_sample0,shap,ok,,14,14,27,689,173,96,2,1,1,1,0.9371745247380385,0.0394325199999912,6.612808605760519,,,,0.9371745247380385,0.6851874386114906,0.25198708612654797,0.9289361838442101,0.5904616349853791,0.96875,0.9545454545454546,0.1247585526866913
49,tic-tac-toe,openml_repeat0_fold0_sample0,lime,ok,,14,14,27,689,173,96,2,1,1,1,0.9371745247380385,0.010886698999996725,0.6454349697375638,,,,0.9371745247380385,0.9371501973627507,2.4327375287791497e-05,0.61997612422579,0.3100002258005389,0.96875,0.9545454545454546,0.1247585526866913
49,tic-tac-toe,openml_repeat0_fold0_sample0,aime,ok,,14,14,27,689,173,96,2,1,1,1,0.9371745247380385,0.005476240999996662,5.664010633025396,,,,0.9371745247380385,0.7340401205237495,0.20313440421428908,0.6170815852448267,0.4101079947295579,0.96875,0.9545454545454546,0.1247585526866913
49,tic-tac-toe,openml_repeat0_fold0_sample0,diff_fpde,ok,,15,15,27,689,173,96,2,1,1,1,0.9861905555918765,0.004093746000009446,2.4931405011799725,0.38882573423840766,,9.43689570931383e-16,0.9861905555918765,0.6794837769359486,0.3067067786559279,0.6736459962734453,0.4901763874646866,0.96875,0.9545454545454546,0.1247585526866913
49,tic-tac-toe,openml_repeat0_fold0_sample0,cos_fpde,ok,,15,15,27,689,173,96,2,1,1,1,0.9861905555918765,0.004198720999994521,1.5086830404318587,0.1543905576688674,,5.551115123125783e-17,0.9861905555918765,0.683662375976903,0.30252817961497347,0.6736665822099424,0.4880973809124579,0.96875,0.9545454545454546,0.1247585526866913
49,tic-tac-toe,openml_repeat0_fold0_sample0,hyb_fpde_grid,ok,,15,15,27,689,173,96,2,1,1,1,0.9861905555918765,0.006374950999997964,1.0000000000000002,0.15595821176318833,1.0,0.0,0.9861905555918765,0.6794837769359486,0.3067067786559279,0.6736459962734453,0.4901763874646866,0.96875,0.9545454545454546,0.1247585526866913
49,tic-tac-toe,openml_repeat0_fold0_sample0,shap,ok,,15,15,27,689,173,96,2,1,1,1,0.9861905555918765,0.03945769699998891,6.814545091749541,,,,0.9861905555918765,0.4130576787094859,0.5731328768823907,0.9722978331505499,0.7727153550164703,0.96875,0.9545454545454546,0.1247585526866913
49,tic-tac-toe,openml_repeat0_fold0_sample0,lime,ok,,15,15,27,689,173,96,2,1,1,1,0.9861905555918765,0.01068631399999731,0.7448096003309269,,,,0.9861905555918765,0.9290732364830436,0.05711731910883289,0.179577596517023,0.11834745781292795,0.96875,0.9545454545454546,0.1247585526866913
49,tic-tac-toe,openml_repeat0_fold0_sample0,aime,ok,,15,15,27,689,173,96,2,1,1,1,0.9861905555918765,0.005422811000002525,9.126999304274243,,,,0.9861905555918765,0.683662375976903,0.30252817961497347,0.6736665822099424,0.4880973809124579,0.96875,0.9545454545454546,0.1247585526866913
49,tic-tac-toe,openml_repeat0_fold0_sample0,diff_fpde,ok,,16,16,27,689,173,96,2,1,1,1,0.9846953155512435,0.0041349419999932024,2.407713662722905,0.3609503274508671,,7.771561172376096e-16,0.9846953155512435,0.6636588460059587,0.32103646954528475,0.858690540806053,0.5898635051756689,0.96875,0.9545454545454546,0.1247585526866913
49,tic-tac-toe,openml_repeat0_fold0_sample0,cos_fpde,ok,,16,16,27,689,173,96,2,1,1,1,0.9846953155512435,0.004150520999999685,1.4143828295846985,0.13307775905837232,,1.1102230246251565e-16,0.9846953155512435,0.6878243729578947,0.2968709425933488,0.7716437204821744,0.5342573315377617,0.96875,0.9545454545454546,0.1247585526866913
49,tic-tac-toe,openml_repeat0_fold0_sample0,hyb_fpde_grid,ok,,16,16,27,689,173,96,2,1,1,1,0.9846953155512435,0.006312123999990149,0.9999999999999999,0.14991414180150686,1.0,0.0,0.9846953155512435,0.6636588460059587,0.32103646954528475,0.858690540806053,0.5898635051756689,0.96875,0.9545454545454546,0.1247585526866913
49,tic-tac-toe,openml_repeat0_fold0_sample0,shap,ok,,16,16,27,689,173,96,2,1,1,1,0.9846953155512435,0.0383781290000087,6.359189710579051,,,,0.9846953155512435,0.5094022101716272,0.4752931053796162,0.9761011098870134,0.7256971076333147,0.96875,0.9545454545454546,0.1247585526866913
49,tic-tac-toe,openml_repeat0_fold0_sample0,lime,ok,,16,16,27,689,173,96,2,1,1,1,0.9846953155512435,0.010664261999991709,0.6431641387366018,,,,0.9846953155512435,0.9341729854780524,0.05052233007319107,0.18139559521480814,0.1159589626439996,0.96875,0.9545454545454546,0.1247585526866913
49,tic-tac-toe,openml_repeat0_fold0_sample0,aime,ok,,16,16,27,689,173,96,2,1,1,1,0.9846953155512435,0.005427359999998771,8.758369780455574,,,,0.9846953155512435,0.6878243729578947,0.2968709425933488,0.7716437204821744,0.5342573315377617,0.96875,0.9545454545454546,0.1247585526866913
49,tic-tac-toe,openml_repeat0_fold0_sample0,diff_fpde,ok,,17,17,27,689,173,96,2,1,1,1,0.9546643007805076,0.004085651000011126,2.495850301234049,-0.13312684595685026,,1.7208456881689926e-15,0.9546643007805076,0.6624682742453293,0.2921960265351783,0.43726908613497323,0.36473255633507573,0.96875,0.9545454545454546,0.1247585526866913
49,tic-tac-toe,openml_repeat0_fold0_sample0,cos_fpde,ok,,17,17,27,689,173,96,2,1,1,1,0.9546643007805076,0.004145562000005043,1.540044275491365,-0.16620171251094487,,0.0,0.9546643007805076,0.6550952682105804,0.2995690325699272,0.4270957802440765,0.3633324064070018,0.96875,0.9545454545454546,0.1247585526866913
49,tic-tac-toe,openml_repeat0_fold0_sample0,hyb_fpde_grid,ok,,17,17,27,689,173,96,2,1,1,1,0.9546643007805076,0.006325449000001981,1.0000000000000002,-0.053339275152450856,1.0,-1.3877787807814457e-17,0.9546643007805076,0.6624682742453293,0.2921960265351783,0.43726908613497323,0.36473255633507573,0.96875,0.9545454545454546,0.1247585526866913
49,tic-tac-toe,openml_repeat0_fold0_sample0,shap,ok,,17,17,27,689,173,96,2,1,1,1,0.9546643007805076,0.039062629000000015,7.829688215399327,,,,0.9546643007805076,0.5754636230916582,0.37920067768884935,0.8719485288542161,0.6255746032715328,0.96875,0.9545454545454546,0.1247585526866913
49,tic-tac-toe,openml_repeat0_fold0_sample0,lime,ok,,17,17,27,689,173,96,2,1,1,1,0.9546643007805076,0.010832286999999496,0.6162672745590312,,,,0.9546643007805076,0.9060024068576584,0.04866189392284914,0.18691416870529587,0.1177880313140725,0.96875,0.9545454545454546,0.1247585526866913
49,tic-tac-toe,openml_repeat0_fold0_sample0,aime,ok,,17,17,27,689,173,96,2,1,1,1,0.9546643007805076,0.00550331200000187,9.132834553727317,,,,0.9546643007805076,0.6550952682105804,0.2995690325699272,0.4270957802440765,0.3633324064070018,0.96875,0.9545454545454546,0.1247585526866913
49,tic-tac-toe,openml_repeat0_fold0_sample0,diff_fpde,ok,,18,18,27,689,173,96,2,1,1,1,0.9936191885169698,0.00416379700000391,2.5563975161239916,0.21329807268564158,,8.326672684688674e-17,0.9936191885169698,0.36628562301888323,0.6273335654980866,0.8024536915424003,0.7148936285202434,0.96875,0.9545454545454546,0.1247585526866913
49,tic-tac-toe,openml_repeat0_fold0_sample0,cos_fpde,ok,,18,18,27,689,173,96,2,1,1,1,0.9936191885169698,0.004237955000007787,1.5657939723857526,0.04830224497975613,,0.0,0.9936191885169698,0.36628562301888323,0.6273335654980866,0.8024536915424003,0.7148936285202434,0.96875,0.9545454545454546,0.1247585526866913
49,tic-tac-toe,openml_repeat0_fold0_sample0,hyb_fpde_grid,ok,,18,18,27,689,173,96,2,1,1,1,0.9936191885169698,0.006380221000000574,1.0,0.08343697384319318,1.0,-2.7755575615628914e-17,0.9936191885169698,0.36628562301888323,0.6273335654980866,0.8024536915424003,0.7148936285202434,0.96875,0.9545454545454546,0.1247585526866913
49,tic-tac-toe,openml_repeat0_fold0_sample0,shap,ok,,18,18,27,689,173,96,2,1,1,1,0.9936191885169698,0.03951862200000278,6.976234096078075,,,,0.9936191885169698,0.19915387701983517,0.7944653114971347,0.9360827283196631,0.8652740199083989,0.96875,0.9545454545454546,0.1247585526866913
49,tic-tac-toe,openml_repeat0_fold0_sample0,lime,ok,,18,18,27,689,173,96,2,1,1,1,0.9936191885169698,0.010676635999999462,0.7037778348223597,,,,0.9936191885169698,0.8097724939487853,0.1838466945681846,0.18698527459440553,0.18541598458129505,0.96875,0.9545454545454546,0.1247585526866913
49,tic-tac-toe,openml_repeat0_fold0_sample0,aime,ok,,18,18,27,689,173,96,2,1,1,1,0.9936191885169698,0.0054118199999919625,7.857403101856521,,,,0.9936191885169698,0.3420654267792964,0.6515537617376734,0.8016626649949898,0.7266082133663316,0.96875,0.9545454545454546,0.1247585526866913
49,tic-tac-toe,openml_repeat0_fold0_sample0,diff_fpde,ok,,19,19,27,689,173,96,2,1,1,1,0.9688568694695593,0.004088967000001276,2.51503541976411,1.0923682725926616,,-2.220446049250313e-16,0.9688568694695593,0.22950775560309813,0.7393491138664612,0.797291376476336,0.7683202451713986,0.96875,0.9545454545454546,0.1247585526866913
49,tic-tac-toe,openml_repeat0_fold0_sample0,cos_fpde,ok,,19,19,27,689,173,96,2,1,1,1,0.9688568694695593,0.004153959000007035,1.5376736230112478,0.6050206971511606,,-1.1102230246251565e-16,0.9688568694695593,0.22950775560309813,0.7393491138664612,0.797291376476336,0.7683202451713986,0.96875,0.9545454545454546,0.1247585526866913
49,tic-tac-toe,openml_repeat0_fold0_sample0,hyb_fpde_grid,ok,,19,19,27,689,173,96,2,1,1,1,0.9688568694695593,0.006300052000000278,0.9999999999999998,0.4343351445504162,1.0,-5.551115123125783e-17,0.9688568694695593,0.22950775560309813,0.7393491138664612,0.797291376476336,0.7683202451713986,0.96875,0.9545454545454546,0.1247585526866913
49,tic-tac-toe,openml_repeat0_fold0_sample0,shap,ok,,19,19,27,689,173,96,2,1,1,1,0.9688568694695593,0.03871755399998733,6.638920447777419,,,,0.9688568694695593,0.16816024652975536,0.8006966229398039,0.9332588171922807,0.8669777200660422,0.96875,0.9545454545454546,0.1247585526866913
49,tic-tac-toe,openml_repeat0_fold0_sample0,lime,ok,,19,19,27,689,173,96,2,1,1,1,0.9688568694695593,0.010674511999994252,0.6911665978508442,,,,0.9688568694695593,0.8090874018259,0.1597694676436593,0.178357195344735,0.16906333149419714,0.96875,0.9545454545454546,0.1247585526866913
49,tic-tac-toe,openml_repeat0_fold0_sample0,aime,ok,,19,19,27,689,173,96,2,1,1,1,0.9688568694695593,0.005373368999997297,7.622127866514391,,,,0.9688568694695593,0.22950775560309813,0.7393491138664612,0.797291376476336,0.7683202451713986,0.96875,0.9545454545454546,0.1247585526866913
49,tic-tac-toe,openml_repeat0_fold0_sample0,diff_fpde,ok,,20,20,27,689,173,96,2,1,1,1,0.9788367331066258,0.0040798790000025065,2.5365360327362256,0.17878389323422403,,4.163336342344337e-16,0.9788367331066258,0.2967311473550618,0.682105585751564,0.8899037918133849,0.7860046887824744,0.96875,0.9545454545454546,0.1247585526866913
49,tic-tac-toe,openml_repeat0_fold0_sample0,cos_fpde,ok,,20,20,27,689,173,96,2,1,1,1,0.9788367331066258,0.00416622099999131,1.5535503272030549,0.0267020243173655,,3.469446951953614e-17,0.9788367331066258,0.2967311473550618,0.682105585751564,0.8899037918133849,0.7860046887824744,0.96875,0.9545454545454546,0.1247585526866913
49,tic-tac-toe,openml_repeat0_fold0_sample0,hyb_fpde_grid,ok,,20,20,27,689,173,96,2,1,1,1,0.9788367331066258,0.006297014999987027,1.0,0.07048348256317308,1.0,-2.7755575615628914e-17,0.9788367331066258,0.2967311473550618,0.682105585751564,0.8899037918133849,0.7860046887824744,0.96875,0.9545454545454546,0.1247585526866913
49,tic-tac-toe,openml_repeat0_fold0_sample0,shap,ok,,20,20,27,689,173,96,2,1,1,1,0.9788367331066258,0.03924026100000333,6.340543281677419,,,,0.9788367331066258,0.20005975189656555,0.7787769812100602,0.9308980661049793,0.8548375236575197,0.96875,0.9545454545454546,0.1247585526866913
49,tic-tac-toe,openml_repeat0_fold0_sample0,lime,ok,,20,20,27,689,173,96,2,1,1,1,0.9788367331066258,0.010702253000005157,0.7101103649512074,,,,0.9788367331066258,0.8959172079454772,0.08291952516114853,0.1819697561845796,0.13244464067286407,0.96875,0.9545454545454546,0.1247585526866913
49,tic-tac-toe,openml_repeat0_fold0_sample0,aime,ok,,20,20,27,689,173,96,2,1,1,1,0.9788367331066258,0.005416799999991895,7.783454268301975,,,,0.9788367331066258,0.2889161892274948,0.6899205438791309,0.8018613835215044,0.7458909637003177,0.96875,0.9545454545454546,0.1247585526866913
49,tic-tac-toe,openml_repeat0_fold0_sample0,diff_fpde,ok,,21,21,27,689,173,96,2,1,1,1,0.9836535803333347,0.004096579999995242,2.5478097069660004,0.7061479099706254,,6.661338147750939e-16,0.9836535803333347,0.2573296451360628,0.7263239351972719,0.7990878167216049,0.7627058759594384,0.96875,0.9545454545454546,0.1247585526866913
49,tic-tac-toe,openml_repeat0_fold0_sample0,cos_fpde,ok,,21,21,27,689,173,96,2,1,1,1,0.9836535803333347,0.004207136999994532,1.5722983501594614,0.3619814707401693,,-1.1102230246251565e-16,0.9836535803333347,0.2573296451360628,0.7263239351972719,0.7990878167216049,0.7627058759594384,0.96875,0.9545454545454546,0.1247585526866913
49,tic-tac-toe,openml_repeat0_fold0_sample0,hyb_fpde_grid,ok,,21,21,27,689,173,96,2,1,1,1,0.9836535803333347,0.00632181199999593,1.0000000000000002,0.2771588113664599,1.0,-5.551115123125783e-17,0.9836535803333347,0.2573296451360628,0.7263239351972719,0.7990878167216049,0.7627058759594384,0.96875,0.9545454545454546,0.1247585526866913
49,tic-tac-toe,openml_repeat0_fold0_sample0,shap,ok,,21,21,27,689,173,96,2,1,1,1,0.9836535803333347,0.03862806600000113,6.827057362908705,,,,0.9836535803333347,0.15986197271447744,0.8237916076188573,0.9347417571634848,0.879266682391171,0.96875,0.9545454545454546,0.1247585526866913
49,tic-tac-toe,openml_repeat0_fold0_sample0,lime,ok,,21,21,27,689,173,96,2,1,1,1,0.9836535803333347,0.010684490000002711,0.7102484001792125,,,,0.9836535803333347,0.8832919156683259,0.10036166466500884,0.1780433612397044,0.13920251295235664,0.96875,0.9545454545454546,0.1247585526866913
49,tic-tac-toe,openml_repeat0_fold0_sample0,aime,ok,,21,21,27,689,173,96,2,1,1,1,0.9836535803333347,0.005360413999994762,7.732613104822157,,,,0.9836535803333347,0.25949791790030136,0.7241556624330334,0.7997584359949759,0.7619570492140046,0.96875,0.9545454545454546,0.1247585526866913
49,tic-tac-toe,openml_repeat0_fold0_sample0,diff_fpde,ok,,22,22,27,689,173,96,2,1,1,1,0.9563499533005021,0.004129984000002196,2.4830358039604468,-0.38850573949473965,,1.6653345369377348e-15,0.9563499533005021,0.7663401941647834,0.19000975913571871,0.767706544975971,0.47885815205584487,0.96875,0.9545454545454546,0.1247585526866913
49,tic-tac-toe,openml_repeat0_fold0_sample0,cos_fpde,ok,,22,22,27,689,173,96,2,1,1,1,0.9563499533005021,0.004178984999995805,1.5228047323850684,-0.31486806939727136,,5.551115123125783e-17,0.9563499533005021,0.7663401941647834,0.19000975913571871,0.767706544975971,0.47885815205584487,0.96875,0.9545454545454546,0.1247585526866913
49,tic-tac-toe,openml_repeat0_fold0_sample0,hyb_fpde_grid,ok,,22,22,27,689,173,96,2,1,1,1,0.9563499533005021,0.006365804000012076,1.0,-0.15646401025513706,1.0,-8.326672684688674e-17,0.9563499533005021,0.7663401941647834,0.19000975913571871,0.767706544975971,0.47885815205584487,0.96875,0.9545454545454546,0.1247585526866913
49,tic-tac-toe,openml_repeat0_fold0_sample0,shap,ok,,22,22,27,689,173,96,2,1,1,1,0.9563499533005021,0.03913005500000111,7.552029514276824,,,,0.9563499533005021,0.6183037473179195,0.3380462059825826,0.9495900985058674,0.643818152244225,0.96875,0.9545454545454546,0.1247585526866913
49,tic-tac-toe,openml_repeat0_fold0_sample0,lime,ok,,22,22,27,689,173,96,2,1,1,1,0.9563499533005021,0.010608237999989,0.6690375614585125,,,,0.9563499533005021,0.9374966853156246,0.01885326798487752,0.6527542704776033,0.3358037692312404,0.96875,0.9545454545454546,0.1247585526866913
49,tic-tac-toe,openml_repeat0_fold0_sample0,aime,ok,,22,22,27,689,173,96,2,1,1,1,0.9563499533005021,0.0053172530000011875,5.713683556594452,,,,0.9563499533005021,0.7663401941647834,0.19000975913571871,0.767706544975971,0.47885815205584487,0.96875,0.9545454545454546,0.1247585526866913
49,tic-tac-toe,openml_repeat0_fold0_sample0,diff_fpde,ok,,23,23,27,689,173,96,2,1,1,1,0.9402309228434564,0.004095649000007029,2.5247933261880076,-0.5711184777560135,,1.1102230246251565e-16,0.9402309228434564,0.6834975336245832,0.25673338921887323,0.7506192299624339,0.5036763095906536,0.96875,0.9545454545454546,0.1247585526866913
49,tic-tac-toe,openml_repeat0_fold0_sample0,cos_fpde,ok,,23,23,27,689,173,96,2,1,1,1,0.9402309228434564,0.004158497000005923,1.5993978169026413,-0.4378029012436747,,1.1102230246251565e-16,0.9402309228434564,0.6908443506440097,0.2493865721994467,0.7620430138212961,0.5057147930103714,0.96875,0.9545454545454546,0.1247585526866913
49,tic-tac-toe,openml_repeat0_fold0_sample0,hyb_fpde_grid,ok,,23,23,27,689,173,96,2,1,1,1,0.9402309228434564,0.00633081799999502,0.9999999999999999,-0.22620405077602992,1.0,0.0,0.9402309228434564,0.6834975336245832,0.25673338921887323,0.7506192299624339,0.5036763095906536,0.96875,0.9545454545454546,0.1247585526866913
49,tic-tac-toe,openml_repeat0_fold0_sample0,shap,ok,,23,23,27,689,173,96,2,1,1,1,0.9402309228434564,0.038513170999991075,7.456999399101619,,,,0.9402309228434564,0.40913699924612634,0.5310939235973301,0.953646028413154,0.742369976005242,0.96875,0.9545454545454546,0.1247585526866913
49,tic-tac-toe,openml_repeat0_fold0_sample0,lime,ok,,23,23,27,689,173,96,2,1,1,1,0.9402309228434564,0.010628025000002594,0.6625568735355318,,,,0.9402309228434564,0.9305623851762084,0.009668537667248067,0.533680640485607,0.27167458907642755,0.96875,0.9545454545454546,0.1247585526866913
49,tic-tac-toe,openml_repeat0_fold0_sample0,aime,ok,,23,23,27,689,173,96,2,1,1,1,0.9402309228434564,0.005364701999994281,5.84292562102995,,,,0.9402309228434564,0.6996553167752324,0.24057560606822403,0.7162268761905368,0.47840124112938043,0.96875,0.9545454545454546,0.1247585526866913
49,tic-tac-toe,openml_repeat0_fold0_sample0,diff_fpde,ok,,24,24,27,689,173,96,2,1,1,1,0.9923632328645645,0.004084126999998716,2.434663296562788,0.4077564641314809,,1.1102230246251565e-16,0.9923632328645645,0.7289301828681447,0.2634330499964198,0.7783525630841996,0.5208928065403098,0.96875,0.9545454545454546,0.1247585526866913
49,tic-tac-toe,openml_repeat0_fold0_sample0,cos_fpde,ok,,24,24,27,689,173,96,2,1,1,1,0.9923632328645645,0.004179156000006401,1.4294773728388326,0.16073994678910675,,-5.551115123125783e-17,0.9923632328645645,0.7289301828681447,0.2634330499964198,0.7783525630841996,0.5208928065403098,0.96875,0.9545454545454546,0.1247585526866913
49,tic-tac-toe,openml_repeat0_fold0_sample0,hyb_fpde_grid,ok,,24,24,27,689,173,96,2,1,1,1,0.9923632328645645,0.0063775870000029045,0.9999999999999997,0.16747961194763306,1.0,-5.551115123125783e-17,0.9923632328645645,0.7289301828681447,0.2634330499964198,0.7783525630841996,0.5208928065403098,0.96875,0.9545454545454546,0.1247585526866913
49,tic-tac-toe,openml_repeat0_fold0_sample0,shap,ok,,24,24,27,689,173,96,2,1,1,1,0.9923632328645645,0.03855523000000005,6.37955375487113,,,,0.9923632328645645,0.6462378228224868,0.34612541004207775,0.9777430114324408,0.6619342107372592,0.96875,0.9545454545454546,0.1247585526866913
49,tic-tac-toe,openml_repeat0_fold0_sample0,lime,ok,,24,24,27,689,173,96,2,1,1,1,0.9923632328645645,0.010673220000001038,0.663862994261251,,,,0.9923632328645645,0.9359463129514567,0.05641691991310782,0.19119601363510433,0.12380646677410607,0.96875,0.9545454545454546,0.1247585526866913
49,tic-tac-toe,openml_repeat0_fold0_sample0,aime,ok,,24,24,27,689,173,96,2,1,1,1,0.9923632328645645,0.005362869000009596,8.865025182181208,,,,0.9923632328645645,0.7346819052642137,0.2576813276003508,0.7681792571933029,0.5129302923968269,0.96875,0.9545454545454546,0.1247585526866913
49,tic-tac-toe,openml_repeat0_fold0_sample0,diff_fpde,ok,,25,25,27,689,173,96,2,1,1,1,0.956935789246685,0.0041123800000093524,2.5489131812671433,0.2744789188037262,,4.440892098500626e-16,0.956935789246685,0.3410182366371333,0.6159175526095517,0.26872901339092387,0.4423232830002378,0.96875,0.9545454545454546,0.1247585526866913
49,tic-tac-toe,openml_repeat0_fold0_sample0,cos_fpde,ok,,25,25,27,689,173,96,2,1,1,1,0.956935789246685,0.004170268999999394,1.5624879559670486,0.08674278918156303,,-6.938893903907228e-17,0.956935789246685,0.3410182366371333,0.6159175526095517,0.26872901339092387,0.4423232830002378,0.96875,0.9545454545454546,0.1247585526866913
49,tic-tac-toe,openml_repeat0_fold0_sample0,hyb_fpde_grid,ok,,25,25,27,689,173,96,2,1,1,1,0.956935789246685,0.00637153499999954,1.0000000000000002,0.1076846872702327,1.0,2.7755575615628914e-17,0.956935789246685,0.3410182366371333,0.6159175526095517,0.26872901339092387,0.4423232830002378,0.96875,0.9545454545454546,0.1247585526866913
49,tic-tac-toe,openml_repeat0_fold0_sample0,shap,ok,,25,25,27,689,173,96,2,1,1,1,0.956935789246685,0.03840807500000665,7.957949886339953,,,,0.956935789246685,0.20388622930935893,0.753049559937326,0.9384696772772396,0.8457596186072829,0.96875,0.9545454545454546,0.1247585526866913
49,tic-tac-toe,openml_repeat0_fold0_sample0,lime,ok,,25,25,27,689,173,96,2,1,1,1,0.956935789246685,0.010624597999992602,0.6163640855605754,,,,0.956935789246685,0.8185649727576292,0.1383708164890558,0.17814552686157328,0.15825817167531453,0.96875,0.9545454545454546,0.1247585526866913
49,tic-tac-toe,openml_repeat0_fold0_sample0,aime,ok,,25,25,27,689,173,96,2,1,1,1,0.956935789246685,0.005350796000001878,7.818317796872486,,,,0.956935789246685,0.3422703252432011,0.6146654640034839,0.2633331621468491,0.4389993130751665,0.96875,0.9545454545454546,0.1247585526866913
49,tic-tac-toe,openml_repeat0_fold0_sample0,diff_fpde,ok,,26,26,27,689,173,96,2,1,1,1,0.9876332126215261,0.004074769999988348,2.4738443685820934,0.329969388352773,,1.5543122344752192e-15,0.9876332126215261,0.6731637520208784,0.31446946060064773,0.7696930526647636,0.5420812566327057,0.96875,0.9545454545454546,0.1247585526866913
49,tic-tac-toe,openml_repeat0_fold0_sample0,cos_fpde,ok,,26,26,27,689,173,96,2,1,1,1,0.9876332126215261,0.004145301999997741,1.5101509996436602,0.11930375563274684,,5.551115123125783e-17,0.9876332126215261,0.6731637520208784,0.31446946060064773,0.7696930526647636,0.5420812566327057,0.96875,0.9545454545454546,0.1247585526866913
49,tic-tac-toe,openml_repeat0_fold0_sample0,hyb_fpde_grid,ok,,26,26,27,689,173,96,2,1,1,1,0.9876332126215261,0.0063529909999999745,0.9999999999999999,0.13338324453364783,1.0,0.0,0.9876332126215261,0.6731637520208784,0.31446946060064773,0.7696930526647636,0.5420812566327057,0.96875,0.9545454545454546,0.1247585526866913
49,tic-tac-toe,openml_repeat0_fold0_sample0,shap,ok,,26,26,27,689,173,96,2,1,1,1,0.9876332126215261,0.03825169200000289,6.740484547851484,,,,0.9876332126215261,0.39088236468715243,0.5967508479343737,0.9789862694083804,0.7878685586713771,0.96875,0.9545454545454546,0.1247585526866913
49,tic-tac-toe,openml_repeat0_fold0_sample0,lime,ok,,26,26,27,689,173,96,2,1,1,1,0.9876332126215261,0.010618656999994869,0.6116316794040664,,,,0.9876332126215261,0.9361484331712029,0.05148477945032326,0.18672746567179496,0.11910612256105911,0.96875,0.9545454545454546,0.1247585526866913
49,tic-tac-toe,openml_repeat0_fold0_sample0,aime,ok,,26,26,27,689,173,96,2,1,1,1,0.9876332126215261,0.00534256000000255,9.056950160894257,,,,0.9876332126215261,0.6778524915143924,0.3097807211071337,0.7600595567385193,0.5349201389228265,0.96875,0.9545454545454546,0.1247585526866913
49,tic-tac-toe,openml_repeat0_fold0_sample0,diff_fpde,ok,,27,27,27,689,173,96,2,1,1,1,0.9861432243777439,0.004106419000009964,2.5362876300925845,0.713995422755377,,7.771561172376096e-16,0.9861432243777439,0.255222056432921,0.7309211679448229,0.8103738823057701,0.7706475251252964,0.96875,0.9545454545454546,0.1247585526866913
49,tic-tac-toe,openml_repeat0_fold0_sample0,cos_fpde,ok,,27,27,27,689,173,96,2,1,1,1,0.9861432243777439,0.004133760000001985,1.5628730075629982,0.36658333347952343,,1.1102230246251565e-16,0.9861432243777439,0.25593069361563087,0.730212530762113,0.8007403863795258,0.7654764585708194,0.96875,0.9545454545454546,0.1247585526866913
49,tic-tac-toe,openml_repeat0_fold0_sample0,hyb_fpde_grid,ok,,27,27,27,689,173,96,2,1,1,1,0.9861432243777439,0.006323053999992112,0.9999999999999999,0.28151200766188866,1.0,5.551115123125783e-17,0.9861432243777439,0.255222056432921,0.7309211679448229,0.8103738823057701,0.7706475251252964,0.96875,0.9545454545454546,0.1247585526866913
49,tic-tac-toe,openml_repeat0_fold0_sample0,shap,ok,,27,27,27,689,173,96,2,1,1,1,0.9861432243777439,0.03999740700000132,6.186877640729773,,,,0.9861432243777439,0.166223975222873,0.8199192491548709,0.9343713634681932,0.877145306311532,0.96875,0.9545454545454546,0.1247585526866913
49,tic-tac-toe,openml_repeat0_fold0_sample0,lime,ok,,27,27,27,689,173,96,2,1,1,1,0.9861432243777439,0.010608508000004235,0.718808553364841,,,,0.9861432243777439,0.9050062962481648,0.08113692812957918,0.18061202006753174,0.13087447409855546,0.96875,0.9545454545454546,0.1247585526866913
49,tic-tac-toe,openml_repeat0_fold0_sample0,aime,ok,,27,27,27,689,173,96,2,1,1,1,0.9861432243777439,0.0053487320000016325,7.699983014077979,,,,0.9861432243777439,0.25593069361563087,0.730212530762113,0.8007403863795258,0.7654764585708194,0.96875,0.9545454545454546,0.1247585526866913
49,tic-tac-toe,openml_repeat0_fold0_sample0,diff_fpde,ok,,28,28,27,689,173,96,2,1,1,1,0.9524152660672746,0.004106609000004369,2.5045045542265605,-0.6124387938880452,,-1.1102230246251565e-16,0.9524152660672746,0.6967386137887155,0.25567665227855907,0.7253762684396593,0.4905264603591092,0.96875,0.9545454545454546,0.1247585526866913
49,tic-tac-toe,openml_repeat0_fold0_sample0,cos_fpde,ok,,28,28,27,689,173,96,2,1,1,1,0.9524152660672746,0.0041568940000047405,1.5908838571376867,-0.4643022417434116,,0.0,0.9524152660672746,0.698193700474218,0.25422156559305653,0.7368000522985214,0.49551080894578897,0.96875,0.9545454545454546,0.1247585526866913
49,tic-tac-toe,openml_repeat0_fold0_sample0,hyb_fpde_grid,ok,,28,28,27,689,173,96,2,1,1,1,0.9524152660672746,0.006342450999994753,0.9999999999999997,-0.24453490925161372,1.0,0.0,0.9524152660672746,0.6967386137887155,0.25567665227855907,0.7253762684396593,0.4905264603591092,0.96875,0.9545454545454546,0.1247585526866913
49,tic-tac-toe,openml_repeat0_fold0_sample0,shap,ok,,28,28,27,689,173,96,2,1,1,1,0.9524152660672746,0.03886793399999533,7.309901023246815,,,,0.9524152660672746,0.38523809510799323,0.5671771709592813,0.925509421414844,0.7463432961870626,0.96875,0.9545454545454546,0.1247585526866913
49,tic-tac-toe,openml_repeat0_fold0_sample0,lime,ok,,28,28,27,689,173,96,2,1,1,1,0.9524152660672746,0.010841042999999217,0.6542369177049453,,,,0.9524152660672746,0.9321648944804871,0.02025037158678744,0.45137182532249165,0.23581109845463954,0.96875,0.9545454545454546,0.1247585526866913
49,tic-tac-toe,openml_repeat0_fold0_sample0,aime,ok,,28,28,27,689,173,96,2,1,1,1,0.9524152660672746,0.005416610000011701,5.774741091710065,,,,0.9524152660672746,0.7070046666054406,0.24541059946183397,0.7419993101609705,0.49370495481140225,0.96875,0.9545454545454546,0.1247585526866913
49,tic-tac-toe,openml_repeat0_fold0_sample0,diff_fpde,ok,,29,29,27,689,173,96,2,1,1,1,0.9971434679519918,0.004138419000000226,2.5242209735841246,1.6142464687804814,,6.661338147750939e-16,0.9971434679519918,0.7248376169755726,0.27230585097641924,0.7132272642047806,0.4927665575905999,0.96875,0.9545454545454546,0.1247585526866913
49,tic-tac-toe,openml_repeat0_fold0_sample0,cos_fpde,ok,,29,29,27,689,173,96,2,1,1,1,0.9971434679519918,0.004191037000012443,1.5530365631984968,0.9485115121249102,,1.1102230246251565e-16,0.9971434679519918,0.7248376169755726,0.27230585097641924,0.7132255227198168,0.492765686848118,0.96875,0.9545454545454546,0.1247585526866913
49,tic-tac-toe,openml_repeat0_fold0_sample0,hyb_fpde_grid,ok,,29,29,27,689,173,96,2,1,1,1,0.9971434679519918,0.006383888000002003,1.0,0.6395028350027627,1.0,0.0,0.9971434679519918,0.7248376169755726,0.27230585097641924,0.7132272642047806,0.4927665575905999,0.96875,0.9545454545454546,0.1247585526866913
49,tic-tac-toe,openml_repeat0_fold0_sample0,shap,ok,,29,29,27,689,173,96,2,1,1,1,0.9971434679519918,0.03934807200000989,6.537614623663552,,,,0.9971434679519918,0.400461656727041,0.5966818112249508,0.9405148336754094,0.7685983224501801,0.96875,0.9545454545454546,0.1247585526866913
49,tic-tac-toe,openml_repeat0_fold0_sample0,lime,ok,,29,29,27,689,173,96,2,1,1,1,0.9971434679519918,0.010728693000004341,0.5663199507209087,,,,0.9971434679519918,0.9020009434608872,0.09514252449110461,0.18364872005139388,0.13939562227124924,0.96875,0.9545454545454546,0.1247585526866913
49,tic-tac-toe,openml_repeat0_fold0_sample0,aime,ok,,29,29,27,689,173,96,2,1,1,1,0.9971434679519918,0.005341038000011622,7.567709196946298,,,,0.9971434679519918,0.8059960068781198,0.19114746107387204,0.6590667267957153,0.4251070939347937,0.96875,0.9545454545454546,0.1247585526866913
49,tic-tac-toe,openml_repeat0_fold0_sample0,diff_fpde,ok,,30,30,27,689,173,96,2,1,1,1,0.8854442729720436,0.004082463999992569,2.5147071371342746,0.3427448416303183,,1.1657341758564144e-15,0.8854442729720436,0.7535708581771621,0.13187341479488157,0.6112830435466525,0.37157822917076705,0.96875,0.9545454545454546,0.1247585526866913
49,tic-tac-toe,openml_repeat0_fold0_sample0,cos_fpde,ok,,30,30,27,689,173,96,2,1,1,1,0.8854442729720436,0.0041413650000095,1.582314835915159,0.1287133851545908,,-5.551115123125783e-17,0.8854442729720436,0.7517613453720928,0.13368292759995082,0.6265147553584687,0.38009884147920975,0.96875,0.9545454545454546,0.1247585526866913
49,tic-tac-toe,openml_repeat0_fold0_sample0,hyb_fpde_grid,ok,,30,30,27,689,173,96,2,1,1,1,0.8854442729720436,0.0063272729999965804,0.9999999999999999,0.1362961263238413,1.0,2.7755575615628914e-17,0.8854442729720436,0.7535708581771621,0.13187341479488157,0.6112830435466525,0.37157822917076705,0.96875,0.9545454545454546,0.1247585526866913
49,tic-tac-toe,openml_repeat0_fold0_sample0,shap,ok,,30,30,27,689,173,96,2,1,1,1,0.8854442729720436,0.03911461699999563,7.602860272024808,,,,0.8854442729720436,0.32011081697380306,0.5653334559982406,0.9453191231082728,0.7553262895532566,0.96875,0.9545454545454546,0.1247585526866913
49,tic-tac-toe,openml_repeat0_fold0_sample0,lime,ok,,30,30,27,689,173,96,2,1,1,1,0.8854442729720436,0.010665584999998146,0.6813974386783125,,,,0.8854442729720436,0.930430610770628,-0.04498633779858441,0.3902142419038223,0.17261395205261895,0.96875,0.9545454545454546,0.1247585526866913
49,tic-tac-toe,openml_repeat0_fold0_sample0,aime,ok,,30,30,27,689,173,96,2,1,1,1,0.8854442729720436,0.00531832500000462,5.76166860556896,,,,0.8854442729720436,0.7517613453720928,0.13368292759995082,0.6265147553584687,0.38009884147920975,0.96875,0.9545454545454546,0.1247585526866913
49,tic-tac-toe,openml_repeat0_fold0_sample0,diff_fpde,ok,,31,31,27,689,173,96,2,1,1,1,0.9786058599390551,0.004110266000012075,2.5473490278920576,1.1130656226623972,,1.9984014443252818e-15,0.9786058599390551,0.2838531268770992,0.694752733061956,0.6690512620787386,0.6819019975703473,0.96875,0.9545454545454546,0.1247585526866913
49,tic-tac-toe,openml_repeat0_fold0_sample0,cos_fpde,ok,,31,31,27,689,173,96,2,1,1,1,0.9786058599390551,0.004155731000011542,1.5369160158488604,0.6098286994672489,,-1.1102230246251565e-16,0.9786058599390551,0.28183561249618794,0.6967702474428672,0.6690718480152356,0.6829210477290514,0.96875,0.9545454545454546,0.1247585526866913
49,tic-tac-toe,openml_repeat0_fold0_sample0,hyb_fpde_grid,ok,,31,31,27,689,173,96,2,1,1,1,0.9786058599390551,0.0063248080000022355,1.0000000000000002,0.43695057507822704,1.0,0.0,0.9786058599390551,0.2838531268770992,0.694752733061956,0.6690512620787386,0.6819019975703473,0.96875,0.9545454545454546,0.1247585526866913
49,tic-tac-toe,openml_repeat0_fold0_sample0,shap,ok,,31,31,27,689,173,96,2,1,1,1,0.9786058599390551,0.03892205599998988,7.245851720708608,,,,0.9786058599390551,0.18468667398121727,0.7939191859578378,0.9759869539311593,0.8849530699444985,0.96875,0.9545454545454546,0.1247585526866913
49,tic-tac-toe,openml_repeat0_fold0_sample0,lime,ok,,31,31,27,689,173,96,2,1,1,1,0.9786058599390551,0.010699117999990904,0.6613253076474208,,,,0.9786058599390551,0.8407923465738327,0.1378135133652224,0.17807915055980356,0.15794633196251298,0.96875,0.9545454545454546,0.1247585526866913
49,tic-tac-toe,openml_repeat0_fold0_sample0,aime,ok,,31,31,27,689,173,96,2,1,1,1,0.9786058599390551,0.005328695000002881,7.763370165879637,,,,0.9786058599390551,0.28183561249618794,0.6967702474428672,0.6690718480152356,0.6829210477290514,0.96875,0.9545454545454546,0.1247585526866913
49,tic-tac-toe,openml_repeat0_fold0_sample0,diff_fpde,ok,,32,32,27,689,173,96,2,1,1,1,0.9858720927445582,0.004088775999989025,2.546592024338198,0.24416743577257813,,9.71445146547012e-16,0.9858720927445582,0.286221223781304,0.6996508689632542,0.809676192677279,0.7546635308202666,0.96875,0.9545454545454546,0.1247585526866913
49,tic-tac-toe,openml_repeat0_fold0_sample0,cos_fpde,ok,,32,32,27,689,173,96,2,1,1,1,0.9858720927445582,0.004180227000006198,1.550904893374286,0.06728761809057633,,1.1102230246251565e-16,0.9858720927445582,0.286221223781304,0.6996508689632542,0.809676192677279,0.7546635308202666,0.96875,0.9545454545454546,0.1247585526866913
49,tic-tac-toe,openml_repeat0_fold0_sample0,hyb_fpde_grid,ok,,32,32,27,689,173,96,2,1,1,1,0.9858720927445582,0.006331509999995433,1.0,0.095880075582987,1.0,6.938893903907228e-17,0.9858720927445582,0.286221223781304,0.6996508689632542,0.809676192677279,0.7546635308202666,0.96875,0.9545454545454546,0.1247585526866913
49,tic-tac-toe,openml_repeat0_fold0_sample0,shap,ok,,32,32,27,689,173,96,2,1,1,1,0.9858720927445582,0.03821897099999205,6.234527641862823,,,,0.9858720927445582,0.19281191419173438,0.7930601785528238,0.9341162434476278,0.8635882110002258,0.96875,0.9545454545454546,0.1247585526866913
49,tic-tac-toe,openml_repeat0_fold0_sample0,lime,ok,,32,32,27,689,173,96,2,1,1,1,0.9858720927445582,0.010697405000001936,0.7002186144687226,,,,0.9858720927445582,0.8987606222978941,0.08711147044666412,0.18167421933120104,0.13439284488893258,0.96875,0.9545454545454546,0.1247585526866913
49,tic-tac-toe,openml_repeat0_fold0_sample0,aime,ok,,32,32,27,689,173,96,2,1,1,1,0.9858720927445582,0.005316312000005041,7.826120511655946,,,,0.9858720927445582,0.286221223781304,0.6996508689632542,0.809676192677279,0.7546635308202666,0.96875,0.9545454545454546,0.1247585526866913
49,tic-tac-toe,openml_repeat0_fold0_sample0,diff_fpde,ok,,33,33,27,689,173,96,2,1,1,1,0.9946273967692542,0.004113662000008844,2.530822411424222,1.540011229356958,,1.5543122344752192e-15,0.9946273967692542,0.6784783087626369,0.31614908800661723,0.6746287013054206,0.49538889465601893,0.96875,0.9545454545454546,0.1247585526866913
49,tic-tac-toe,openml_repeat0_fold0_sample0,cos_fpde,ok,,33,33,27,689,173,96,2,1,1,1,0.9946273967692542,0.0041632150000054935,1.5462106363891965,0.8928519208129947,,-1.1102230246251565e-16,0.9946273967692542,0.6784783087626369,0.31614908800661723,0.6746269383906314,0.4953880131986243,0.96875,0.9545454545454546,0.1247585526866913
49,tic-tac-toe,openml_repeat0_fold0_sample0,hyb_fpde_grid,ok,,33,33,27,689,173,96,2,1,1,1,0.9946273967692542,0.006302966999996329,1.0,0.6085022885862289,1.0,-1.1102230246251565e-16,0.9946273967692542,0.6784783087626369,0.31614908800661723,0.6746287013054206,0.49538889465601893,0.96875,0.9545454545454546,0.1247585526866913
49,tic-tac-toe,openml_repeat0_fold0_sample0,shap,ok,,33,33,27,689,173,96,2,1,1,1,0.9946273967692542,0.03911123999999688,6.737499444075999,,,,0.9946273967692542,0.28882333659048093,0.7058040601787732,0.9798473742348097,0.8428257172067914,0.96875,0.9545454545454546,0.1247585526866913
49,tic-tac-toe,openml_repeat0_fold0_sample0,lime,ok,,33,33,27,689,173,96,2,1,1,1,0.9946273967692542,0.010788625999992973,0.778522640415596,,,,0.9946273967692542,0.9247158868804238,0.06991150988883033,0.18260137766193119,0.12625644377538076,0.96875,0.9545454545454546,0.1247585526866913
49,tic-tac-toe,openml_repeat0_fold0_sample0,aime,ok,,33,33,27,689,173,96,2,1,1,1,0.9946273967692542,0.005371464999996078,7.617232837694549,,,,0.9946273967692542,0.7201342495411631,0.27449314722809104,0.6593669795542864,0.4669300633911887,0.96875,0.9545454545454546,0.1247585526866913
49,tic-tac-toe,openml_repeat0_fold0_sample0,diff_fpde,ok,,34,34,27,689,173,96,2,1,1,1,0.7691330194800876,0.004126576999993858,2.549397381041458,-0.24446110909027696,,1.4432899320127035e-15,0.7691330194800876,0.6733009332673785,0.09583208621270911,0.732829825727109,0.41433095596990904,0.96875,0.9545454545454546,0.1247585526866913
49,tic-tac-toe,openml_repeat0_fold0_sample0,cos_fpde,ok,,34,34,27,689,173,96,2,1,1,1,0.7691330194800876,0.004219431000009877,1.7204069549172039,-0.2522077329694685,,5.551115123125783e-17,0.7691330194800876,0.6733009332673785,0.09583208621270911,0.732829825727109,0.41433095596990904,0.96875,0.9545454545454546,0.1247585526866913
49,tic-tac-toe,openml_repeat0_fold0_sample0,hyb_fpde_grid,ok,,34,34,27,689,173,96,2,1,1,1,0.7691330194800876,0.006380812000003289,1.0000000000000002,-0.09588976238392934,1.0,-6.938893903907228e-17,0.7691330194800876,0.6733009332673785,0.09583208621270911,0.732829825727109,0.41433095596990904,0.96875,0.9545454545454546,0.1247585526866913
49,tic-tac-toe,openml_repeat0_fold0_sample0,shap,ok,,34,34,27,689,173,96,2,1,1,1,0.7691330194800876,0.038884346000003234,7.57135978515759,,,,0.7691330194800876,0.4227557058014205,0.3463773136786671,0.8786650321705959,0.6125211729246315,0.96875,0.9545454545454546,0.1247585526866913
49,tic-tac-toe,openml_repeat0_fold0_sample0,lime,ok,,34,34,27,689,173,96,2,1,1,1,0.7691330194800876,0.010784297999990144,0.6834695454622062,,,,0.7691330194800876,0.8741252395324808,-0.10499222005239317,0.4603356439605443,0.17767171195407558,0.96875,0.9545454545454546,0.1247585526866913
49,tic-tac-toe,openml_repeat0_fold0_sample0,aime,ok,,34,34,27,689,173,96,2,1,1,1,0.7691330194800876,0.005440984999992793,5.844724883726608,,,,0.7691330194800876,0.6867718839688729,0.08236113551121471,0.726034011888325,0.40419757369976983,0.96875,0.9545454545454546,0.1247585526866913
49,tic-tac-toe,openml_repeat0_fold0_sample0,diff_fpde,ok,,35,35,27,689,173,96,2,1,1,1,0.9959396215370382,0.004068388000007417,2.487502978926476,1.7624566036014946,,1.1102230246251565e-15,0.9959396215370382,0.3359688526276533,0.6599707689093849,0.8058172085852628,0.7328939887473238,0.96875,0.9545454545454546,0.1247585526866913
49,tic-tac-toe,openml_repeat0_fold0_sample0,cos_fpde,ok,,35,35,27,689,173,96,2,1,1,1,0.9959396215370382,0.00413794799999323,1.4250188254334675,0.9741782641628989,,1.1102230246251565e-16,0.9959396215370382,0.35302782642344654,0.6429117951135916,0.7153400796822389,0.6791259373979153,0.96875,0.9545454545454546,0.1247585526866913
49,tic-tac-toe,openml_repeat0_fold0_sample0,hyb_fpde_grid,ok,,35,35,27,689,173,96,2,1,1,1,0.9959396215370382,0.006319977999993398,1.0000000000000002,0.7085244192801379,1.0,-1.1102230246251565e-16,0.9959396215370382,0.3359688526276533,0.6599707689093849,0.8058172085852628,0.7328939887473238,0.96875,0.9545454545454546,0.1247585526866913
49,tic-tac-toe,openml_repeat0_fold0_sample0,shap,ok,,35,35,27,689,173,96,2,1,1,1,0.9959396215370382,0.038890046000005896,5.860935008320848,,,,0.9959396215370382,0.19699698402426186,0.7989426375127764,0.8758298465719228,0.8373862420423496,0.96875,0.9545454545454546,0.1247585526866913
49,tic-tac-toe,openml_repeat0_fold0_sample0,lime,ok,,35,35,27,689,173,96,2,1,1,1,0.9959396215370382,0.01064021800000603,0.6694316498245959,,,,0.9959396215370382,0.8640895900038661,0.1318500315331721,0.18473298358927853,0.15829150756122531,0.96875,0.9545454545454546,0.1247585526866913
49,tic-tac-toe,openml_repeat0_fold0_sample0,aime,ok,,35,35,27,689,173,96,2,1,1,1,0.9959396215370382,0.005322082999995814,7.522905834636578,,,,0.9959396215370382,0.35302782642344654,0.6429117951135916,0.7153400796822389,0.6791259373979153,0.96875,0.9545454545454546,0.1247585526866913
49,tic-tac-toe,openml_repeat0_fold0_sample0,diff_fpde,ok,,36,36,27,689,173,96,2,1,1,1,0.9886968370476757,0.004104054999999107,2.4894554949737415,0.36122926747876094,,-6.661338147750939e-16,0.9886968370476757,0.23831127387264622,0.7503855631750296,0.838312488119056,0.7943490256470428,0.96875,0.9545454545454546,0.1247585526866913
49,tic-tac-toe,openml_repeat0_fold0_sample0,cos_fpde,ok,,36,36,27,689,173,96,2,1,1,1,0.9886968370476757,0.004155310999991002,1.4309725940793834,0.13255609279387887,,5.551115123125783e-17,0.9886968370476757,0.23831127387264622,0.7503855631750296,0.838312488119056,0.7943490256470428,0.96875,0.9545454545454546,0.1247585526866913
49,tic-tac-toe,openml_repeat0_fold0_sample0,hyb_fpde_grid,ok,,36,36,27,689,173,96,2,1,1,1,0.9886968370476757,0.006295182000002342,0.9999999999999998,0.14510372577782163,1.0,2.7755575615628914e-17,0.9886968370476757,0.23831127387264622,0.7503855631750296,0.838312488119056,0.7943490256470428,0.96875,0.9545454545454546,0.1247585526866913
49,tic-tac-toe,openml_repeat0_fold0_sample0,shap,ok,,36,36,27,689,173,96,2,1,1,1,0.9886968370476757,0.039115046999995684,7.281712269017025,,,,0.9886968370476757,0.15951679776011102,0.8291800392875648,0.9358744667551424,0.8825272530213536,0.96875,0.9545454545454546,0.1247585526866913
49,tic-tac-toe,openml_repeat0_fold0_sample0,lime,ok,,36,36,27,689,173,96,2,1,1,1,0.9886968370476757,0.010687134999997738,0.6889456624736897,,,,0.9886968370476757,0.8257808510053173,0.16291598604235846,0.18343377759247523,0.17317488181741686,0.96875,0.9545454545454546,0.1247585526866913
49,tic-tac-toe,openml_repeat0_fold0_sample0,aime,ok,,36,36,27,689,173,96,2,1,1,1,0.9886968370476757,0.0053490229999937355,7.671846305232514,,,,0.9886968370476757,0.23209419968807493,0.7566026373596009,0.8380810165268409,0.7973418269432209,0.96875,0.9545454545454546,0.1247585526866913
49,tic-tac-toe,openml_repeat0_fold0_sample0,diff_fpde,ok,,37,37,27,689,173,96,2,1,1,1,0.991629670744838,0.004150120999995011,2.520764309335976,1.0965709690129315,,4.440892098500626e-16,0.991629670744838,0.26327029917170114,0.7283593715731369,0.8100350752070486,0.7691972233900928,0.96875,0.9545454545454546,0.1247585526866913
49,tic-tac-toe,openml_repeat0_fold0_sample0,cos_fpde,ok,,37,37,27,689,173,96,2,1,1,1,0.991629670744838,0.004180497999996646,1.5310771142838875,0.6037957192126587,,0.0,0.991629670744838,0.26689366108645624,0.7247360096583817,0.8004015792808044,0.762568794469593,0.96875,0.9545454545454546,0.1247585526866913
49,tic-tac-toe,openml_repeat0_fold0_sample0,hyb_fpde_grid,ok,,37,37,27,689,173,96,2,1,1,1,0.991629670744838,0.006364071000007243,0.9999999999999998,0.4350152709444668,1.0,-5.551115123125783e-17,0.991629670744838,0.26327029917170114,0.7283593715731369,0.8100350752070486,0.7691972233900928,0.96875,0.9545454545454546,0.1247585526866913
49,tic-tac-toe,openml_repeat0_fold0_sample0,shap,ok,,37,37,27,689,173,96,2,1,1,1,0.991629670744838,0.03854514100000017,6.267664630604375,,,,0.991629670744838,0.17108050437394245,0.8205491663708955,0.9373996220248142,0.8789743941978548,0.96875,0.9545454545454546,0.1247585526866913
49,tic-tac-toe,openml_repeat0_fold0_sample0,lime,ok,,37,37,27,689,173,96,2,1,1,1,0.991629670744838,0.010610132000010708,0.7338492699065473,,,,0.991629670744838,0.8946974587594547,0.09693221198538327,0.17906904385982775,0.1380006279226055,0.96875,0.9545454545454546,0.1247585526866913
49,tic-tac-toe,openml_repeat0_fold0_sample0,aime,ok,,37,37,27,689,173,96,2,1,1,1,0.991629670744838,0.005383799000000522,7.648206387130968,,,,0.991629670744838,0.26689366108645624,0.7247360096583817,0.8004015792808044,0.762568794469593,0.96875,0.9545454545454546,0.1247585526866913
49,tic-tac-toe,openml_repeat0_fold0_sample0,diff_fpde,ok,,38,38,27,689,173,96,2,1,1,1,0.9796266398936287,0.004100367999996024,2.565978495811685,1.4316337305192075,,0.0,0.9796266398936287,0.559201910407977,0.4204247294856518,0.7101559202639143,0.565290324874783,0.96875,0.9545454545454546,0.1247585526866913
49,tic-tac-toe,openml_repeat0_fold0_sample0,cos_fpde,ok,,38,38,27,689,173,96,2,1,1,1,0.9796266398936287,0.0041669829999904096,1.6400533944049605,0.8613609244605023,,0.0,0.9796266398936287,0.559201910407977,0.4204247294856518,0.7101559202639143,0.565290324874783,0.96875,0.9545454545454546,0.1247585526866913
49,tic-tac-toe,openml_repeat0_fold0_sample0,hyb_fpde_grid,ok,,38,38,27,689,173,96,2,1,1,1,0.9796266398936287,0.006378287000003979,1.0000000000000002,0.5579289666129277,1.0,2.220446049250313e-16,0.9796266398936287,0.559201910407977,0.4204247294856518,0.7101559202639143,0.565290324874783,0.96875,0.9545454545454546,0.1247585526866913
49,tic-tac-toe,openml_repeat0_fold0_sample0,shap,ok,,38,38,27,689,173,96,2,1,1,1,0.9796266398936287,0.03937906000000169,6.4272925095763025,,,,0.9796266398936287,0.23464949150650422,0.7449771483871246,0.974687662874782,0.8598324056309533,0.96875,0.9545454545454546,0.1247585526866913
49,tic-tac-toe,openml_repeat0_fold0_sample0,lime,ok,,38,38,27,689,173,96,2,1,1,1,0.9796266398936287,0.010639976999996748,0.6978270309501955,,,,0.9796266398936287,0.7794461659189305,0.2001804739746983,0.17997455101343868,0.19007751249406848,0.96875,0.9545454545454546,0.1247585526866913
49,tic-tac-toe,openml_repeat0_fold0_sample0,aime,ok,,38,38,27,689,173,96,2,1,1,1,0.9796266398936287,0.005318526000010593,7.747591608639814,,,,0.9796266398936287,0.559894948037759,0.4197316918558698,0.6560259565416224,0.5378788241987461,0.96875,0.9545454545454546,0.1247585526866913
49,tic-tac-toe,openml_repeat0_fold0_sample0,diff_fpde,ok,,39,39,27,689,173,96,2,1,1,1,0.9931441578340381,0.004104314999992198,2.5189561069084228,2.0496718523230193,,0.0,0.9931441578340381,0.5194958539702075,0.4736483038638306,0.7150031314619381,0.5943257176628843,0.96875,0.9545454545454546,0.1247585526866913
49,tic-tac-toe,openml_repeat0_fold0_sample0,cos_fpde,ok,,39,39,27,689,173,96,2,1,1,1,0.9931441578340381,0.004174085999991917,1.508943029469019,1.2041673829302288,,4.440892098500626e-16,0.9931441578340381,0.548846526191429,0.44429763164260905,0.6608443355378366,0.5525709835902228,0.96875,0.9545454545454546,0.1247585526866913
49,tic-tac-toe,openml_repeat0_fold0_sample0,hyb_fpde_grid,ok,,39,39,27,689,173,96,2,1,1,1,0.9931441578340381,0.006297635999999329,1.0000000000000002,0.8136989154759956,1.0,1.1102230246251565e-16,0.9931441578340381,0.5194958539702075,0.4736483038638306,0.7150031314619381,0.5943257176628843,0.96875,0.9545454545454546,0.1247585526866913
49,tic-tac-toe,openml_repeat0_fold0_sample0,shap,ok,,39,39,27,689,173,96,2,1,1,1,0.9931441578340381,0.19669483699999546,5.781199233843719,,,,0.9931441578340381,0.2522230627578545,0.7409210950761835,0.899389663431538,0.8201553792538607,0.96875,0.9545454545454546,0.1247585526866913
49,tic-tac-toe,openml_repeat0_fold0_sample0,lime,ok,,39,39,27,689,173,96,2,1,1,1,0.9931441578340381,0.010916133999998578,0.63924163418927,,,,0.9931441578340381,0.7680668920090454,0.22507726582499266,0.17798705419815306,0.20153216001157287,0.96875,0.9545454545454546,0.1247585526866913
49,tic-tac-toe,openml_repeat0_fold0_sample0,aime,ok,,39,39,27,689,173,96,2,1,1,1,0.9931441578340381,0.005449791999993181,7.576650748752128,,,,0.9931441578340381,0.5215236809537446,0.4716204768802935,0.6608752144425822,0.5662478456614379,0.96875,0.9545454545454546,0.1247585526866913
49,tic-tac-toe,openml_repeat0_fold0_sample0,diff_fpde,ok,,40,40,27,689,173,96,2,1,1,1,0.9692699864874899,0.00410117900000273,2.555021254296435,0.7373334050891748,,1.4432899320127035e-15,0.9692699864874899,0.2439609989517062,0.7253089875357837,0.7940488385264788,0.7596789130311312,0.96875,0.9545454545454546,0.1247585526866913
49,tic-tac-toe,openml_repeat0_fold0_sample0,cos_fpde,ok,,40,40,27,689,173,96,2,1,1,1,0.9692699864874899,0.0041722720000052504,1.5397198263706657,0.373058538404217,,0.0,0.9692699864874899,0.2439609989517062,0.7253089875357837,0.7940488385264788,0.7596789130311312,0.96875,0.9545454545454546,0.1247585526866913
49,tic-tac-toe,openml_repeat0_fold0_sample0,hyb_fpde_grid,ok,,40,40,27,689,173,96,2,1,1,1,0.9692699864874899,0.006357349000012391,1.0,0.28858210234036236,1.0,0.0,0.9692699864874899,0.2439609989517062,0.7253089875357837,0.7940488385264788,0.7596789130311312,0.96875,0.9545454545454546,0.1247585526866913
49,tic-tac-toe,openml_repeat0_fold0_sample0,shap,ok,,40,40,27,689,173,96,2,1,1,1,0.9692699864874899,0.03865754100000629,7.167636674058073,,,,0.9692699864874899,0.17200652021011598,0.7972634662773739,0.9295144274897145,0.8633889468835442,0.96875,0.9545454545454546,0.1247585526866913
49,tic-tac-toe,openml_repeat0_fold0_sample0,lime,ok,,40,40,27,689,173,96,2,1,1,1,0.9692699864874899,0.010160881000004451,0.660138302892593,,,,0.9692699864874899,0.8340648553123426,0.1352051311751472,0.18102271411258597,0.1581139226438666,0.96875,0.9545454545454546,0.1247585526866913
49,tic-tac-toe,openml_repeat0_fold0_sample0,aime,ok,,40,40,27,689,173,96,2,1,1,1,0.9692699864874899,0.005342721000005213,7.86144693296705,,,,0.9692699864874899,0.24357902081782462,0.7256909656696653,0.7940694244629759,0.7598801950663205,0.96875,0.9545454545454546,0.1247585526866913
49,tic-tac-toe,openml_repeat0_fold0_sample0,diff_fpde,ok,,41,41,27,689,173,96,2,1,1,1,0.9887840311358363,0.004084218000002693,2.525233633346236,1.6171288490687192,,6.661338147750939e-16,0.9887840311358363,0.7160857590642541,0.27269827207158226,0.7119733486823572,0.4923358103769697,0.96875,0.9545454545454546,0.1247585526866913
49,tic-tac-toe,openml_repeat0_fold0_sample0,cos_fpde,ok,,41,41,27,689,173,96,2,1,1,1,0.9887840311358363,0.004141706000012846,1.549841272151157,0.9483486950895244,,-1.1102230246251565e-16,0.9887840311358363,0.7160857590642541,0.27269827207158226,0.7119733486823572,0.4923358103769697,0.96875,0.9545454545454546,0.1247585526866913
49,tic-tac-toe,openml_repeat0_fold0_sample0,hyb_fpde_grid,ok,,41,41,27,689,173,96,2,1,1,1,0.9887840311358363,0.006343341999993868,1.0000000000000002,0.640387815097263,1.0,-1.1102230246251565e-16,0.9887840311358363,0.7160857590642541,0.27269827207158226,0.7119733486823572,0.4923358103769697,0.96875,0.9545454545454546,0.1247585526866913
49,tic-tac-toe,openml_repeat0_fold0_sample0,shap,ok,,41,41,27,689,173,96,2,1,1,1,0.9887840311358363,0.037181019000001925,6.699483417999317,,,,0.9887840311358363,0.3147692115748022,0.6740148195610342,0.964891459116365,0.8194531393386996,0.96875,0.9545454545454546,0.1247585526866913
49,tic-tac-toe,openml_repeat0_fold0_sample0,lime,ok,,41,41,27,689,173,96,2,1,1,1,0.9887840311358363,0.01016697200000749,0.7509983224328998,,,,0.9887840311358363,0.8820687604299243,0.10671527070591202,0.18503478386929084,0.14587502728760143,0.96875,0.9545454545454546,0.1247585526866913
49,tic-tac-toe,openml_repeat0_fold0_sample0,aime,ok,,41,41,27,689,173,96,2,1,1,1,0.9887840311358363,0.005338072000000693,7.571840733016991,,,,0.9887840311358363,0.759288742231929,0.22949528890390736,0.6580214324069098,0.4437583606554086,0.96875,0.9545454545454546,0.1247585526866913
49,tic-tac-toe,openml_repeat0_fold0_sample0,diff_fpde,ok,,42,42,27,689,173,96,2,1,1,1,0.986252659082601,0.004109874999997487,2.546432064141077,1.2335863107144656,,8.881784197001252e-16,0.986252659082601,0.8001113866742162,0.18614127240838474,0.7116124563229428,0.44887686436566376,0.96875,0.9545454545454546,0.1247585526866913
49,tic-tac-toe,openml_repeat0_fold0_sample0,cos_fpde,ok,,42,42,27,689,173,96,2,1,1,1,0.986252659082601,0.00412757800000918,1.5436083009234882,0.6902789714627874,,1.1102230246251565e-16,0.986252659082601,0.8001113866742162,0.18614127240838474,0.7116124563229428,0.44887686436566376,0.96875,0.9545454545454546,0.1247585526866913
49,tic-tac-toe,openml_repeat0_fold0_sample0,hyb_fpde_grid,ok,,42,42,27,689,173,96,2,1,1,1,0.986252659082601,0.006323945999994862,1.0,0.48443715741953614,1.0,-1.1102230246251565e-16,0.986252659082601,0.8001113866742162,0.18614127240838474,0.7116124563229428,0.44887686436566376,0.96875,0.9545454545454546,0.1247585526866913
49,tic-tac-toe,openml_repeat0_fold0_sample0,shap,ok,,42,42,27,689,173,96,2,1,1,1,0.986252659082601,0.036953784999994355,6.597308617303966,,,,0.986252659082601,0.48190048062575974,0.5043521784568412,0.9738094903725505,0.7390808344146959,0.96875,0.9545454545454546,0.1247585526866913
49,tic-tac-toe,openml_repeat0_fold0_sample0,lime,ok,,42,42,27,689,173,96,2,1,1,1,0.986252659082601,0.010412411999993765,0.7175873205044262,,,,0.986252659082601,0.9173726035491971,0.06888005553340382,0.18483060487416741,0.12685533020378562,0.96875,0.9545454545454546,0.1247585526866913
49,tic-tac-toe,openml_repeat0_fold0_sample0,aime,ok,,42,42,27,689,173,96,2,1,1,1,0.986252659082601,0.005451034000003574,7.741121290250344,,,,0.986252659082601,0.8001113866742162,0.18614127240838474,0.7116124563229428,0.44887686436566376,0.96875,0.9545454545454546,0.1247585526866913
49,tic-tac-toe,openml_repeat0_fold0_sample0,diff_fpde,ok,,43,43,27,689,173,96,2,1,1,1,0.8897453389141285,0.004118991999987998,2.5344429450931654,0.1999647393523085,,6.38378239159465e-16,0.8897453389141285,0.39933649864223,0.49040884027189857,0.5975742140101482,0.5439915271410234,0.96875,0.9545454545454546,0.1247585526866913
49,tic-tac-toe,openml_repeat0_fold0_sample0,cos_fpde,ok,,43,43,27,689,173,96,2,1,1,1,0.8897453389141285,0.004160880999990013,1.5507091496241234,0.03993275674474148,,4.85722573273506e-17,0.8897453389141285,0.39933649864223,0.49040884027189857,0.5975742140101482,0.5439915271410234,0.96875,0.9545454545454546,0.1247585526866913
49,tic-tac-toe,openml_repeat0_fold0_sample0,hyb_fpde_grid,ok,,43,43,27,689,173,96,2,1,1,1,0.8897453389141285,0.006397714000001997,1.0,0.0788988916635319,1.0,-4.163336342344337e-17,0.8897453389141285,0.39933649864223,0.49040884027189857,0.5975742140101482,0.5439915271410234,0.96875,0.9545454545454546,0.1247585526866913
49,tic-tac-toe,openml_repeat0_fold0_sample0,shap,ok,,43,43,27,689,173,96,2,1,1,1,0.8897453389141285,0.040494585999994115,7.652742218735562,,,,0.8897453389141285,0.21958298696052725,0.6701623519536013,0.8378257756600457,0.7539940638068234,0.96875,0.9545454545454546,0.1247585526866913
49,tic-tac-toe,openml_repeat0_fold0_sample0,lime,ok,,43,43,27,689,173,96,2,1,1,1,0.8897453389141285,0.010922304999994026,0.6800221342414762,,,,0.8897453389141285,0.8824964029772708,0.007248935936857714,0.16916077688224002,0.08820485640954887,0.96875,0.9545454545454546,0.1247585526866913
49,tic-tac-toe,openml_repeat0_fold0_sample0,aime,ok,,43,43,27,689,173,96,2,1,1,1,0.8897453389141285,0.005687355000006278,7.771811923730223,,,,0.8897453389141285,0.40406257834299164,0.4856827605711369,0.5666888507477648,0.5261858056594508,0.96875,0.9545454545454546,0.1247585526866913
49,tic-tac-toe,openml_repeat0_fold0_sample0,diff_fpde,ok,,44,44,27,689,173,96,2,1,1,1,0.8448464258467787,0.0041718809999906625,2.586116856117218,-1.1799887706430428,,-2.220446049250313e-16,0.8448464258467787,0.5662009823927966,0.2786454434539821,0.6719094378082442,0.47527744063111316,0.96875,0.9545454545454546,0.1247585526866913
49,tic-tac-toe,openml_repeat0_fold0_sample0,cos_fpde,ok,,44,44,27,689,173,96,2,1,1,1,0.8448464258467787,0.004247001999999611,1.7313616312348143,-0.8542942626280385,,0.0,0.8448464258467787,0.584424742603041,0.2604216832437377,0.6833332216671064,0.47187745245542206,0.96875,0.9545454545454546,0.1247585526866913
49,tic-tac-toe,openml_repeat0_fold0_sample0,hyb_fpde_grid,ok,,44,44,27,689,173,96,2,1,1,1,0.8448464258467787,0.006476411999997822,1.0,-0.45627821026412213,1.0,1.1102230246251565e-16,0.8448464258467787,0.5662009823927966,0.2786454434539821,0.6719094378082442,0.47527744063111316,0.96875,0.9545454545454546,0.1247585526866913
49,tic-tac-toe,openml_repeat0_fold0_sample0,shap,ok,,44,44,27,689,173,96,2,1,1,1,0.8448464258467787,0.03948684199998809,6.765499376304394,,,,0.8448464258467787,0.44370865285621675,0.40113777299056197,0.9377227585882453,0.6694302657894036,0.96875,0.9545454545454546,0.1247585526866913
49,tic-tac-toe,openml_repeat0_fold0_sample0,lime,ok,,44,44,27,689,173,96,2,1,1,1,0.8448464258467787,0.01053946900000824,0.6843543831979906,,,,0.8448464258467787,0.9054365691660304,-0.06059014331925172,0.5157369404271672,0.22757339855395775,0.96875,0.9545454545454546,0.1247585526866913
49,tic-tac-toe,openml_repeat0_fold0_sample0,aime,ok,,44,44,27,689,173,96,2,1,1,1,0.8448464258467787,0.005510444999998754,6.005641782724067,,,,0.8448464258467787,0.584424742603041,0.2604216832437377,0.6833332216671064,0.47187745245542206,0.96875,0.9545454545454546,0.1247585526866913
49,tic-tac-toe,openml_repeat0_fold0_sample0,diff_fpde,ok,,45,45,27,689,173,96,2,1,1,1,0.945760441878046,0.004144820999997023,2.511804076985373,-0.6383430244784678,,1.1102230246251565e-15,0.945760441878046,0.6065922012299862,0.3391682406480597,0.9029163902475021,0.6210423154477809,0.96875,0.9545454545454546,0.1247585526866913
49,tic-tac-toe,openml_repeat0_fold0_sample0,cos_fpde,ok,,45,45,27,689,173,96,2,1,1,1,0.945760441878046,0.004189103999991062,1.6071678500702855,-0.48313593559786017,,1.1102230246251565e-16,0.945760441878046,0.6065922012299862,0.3391682406480597,0.9029163902475021,0.6210423154477809,0.96875,0.9545454545454546,0.1247585526866913
49,tic-tac-toe,openml_repeat0_fold0_sample0,hyb_fpde_grid,ok,,45,45,27,689,173,96,2,1,1,1,0.945760441878046,0.006386012000007213,1.0,-0.2541372674434852,1.0,-1.6653345369377348e-16,0.945760441878046,0.6065922012299862,0.3391682406480597,0.9029163902475021,0.6210423154477809,0.96875,0.9545454545454546,0.1247585526866913
49,tic-tac-toe,openml_repeat0_fold0_sample0,shap,ok,,45,45,27,689,173,96,2,1,1,1,0.945760441878046,0.037629909999992606,7.465510777888784,,,,0.945760441878046,0.5658284438512089,0.3799319980268371,0.9554494790896504,0.6676907385582438,0.96875,0.9545454545454546,0.1247585526866913
49,tic-tac-toe,openml_repeat0_fold0_sample0,lime,ok,,45,45,27,689,173,96,2,1,1,1,0.945760441878046,0.010254527000000735,0.6943593394418525,,,,0.945760441878046,0.9451652454764297,0.0005951964016163158,0.562671611482402,0.28163340394200914,0.96875,0.9545454545454546,0.1247585526866913
49,tic-tac-toe,openml_repeat0_fold0_sample0,aime,ok,,45,45,27,689,173,96,2,1,1,1,0.945760441878046,0.005423211999996624,5.80310590419091,,,,0.945760441878046,0.6174085290956185,0.3283519127824275,0.8640691113680863,0.5962105120752569,0.96875,0.9545454545454546,0.1247585526866913
49,tic-tac-toe,openml_repeat0_fold0_sample0,diff_fpde,ok,,46,46,27,689,173,96,2,1,1,1,0.9711134855017918,0.004069098999991638,2.54263565482933,0.7070219220580267,,2.220446049250313e-16,0.9711134855017918,0.29523168854403714,0.6758817969577546,0.8047797811832018,0.7403307890704782,0.96875,0.9545454545454546,0.1247585526866913
49,tic-tac-toe,openml_repeat0_fold0_sample0,cos_fpde,ok,,46,46,27,689,173,96,2,1,1,1,0.9711134855017918,0.004172581999995373,1.5227679665186928,0.3519006365218279,,1.1102230246251565e-16,0.9711134855017918,0.29523168854403714,0.6758817969577546,0.8047797811832018,0.7403307890704782,0.96875,0.9545454545454546,0.1247585526866913
49,tic-tac-toe,openml_repeat0_fold0_sample0,hyb_fpde_grid,ok,,46,46,27,689,173,96,2,1,1,1,0.9711134855017918,0.006334765999994829,1.0,0.2780665490610704,1.0,5.551115123125783e-17,0.9711134855017918,0.29523168854403714,0.6758817969577546,0.8047797811832018,0.7403307890704782,0.96875,0.9545454545454546,0.1247585526866913
49,tic-tac-toe,openml_repeat0_fold0_sample0,shap,ok,,46,46,27,689,173,96,2,1,1,1,0.9711134855017918,0.03717542900000126,6.669898995459302,,,,0.9711134855017918,0.19875166958631213,0.7723618159154797,0.9287561003742817,0.8505589581448807,0.96875,0.9545454545454546,0.1247585526866913
49,tic-tac-toe,openml_repeat0_fold0_sample0,lime,ok,,46,46,27,689,173,96,2,1,1,1,0.9711134855017918,0.010281938000005653,0.7182948249210447,,,,0.9711134855017918,0.7749502386535774,0.1961632468482144,0.17969212605249593,0.18792768645035518,0.96875,0.9545454545454546,0.1247585526866913
49,tic-tac-toe,openml_repeat0_fold0_sample0,aime,ok,,46,46,27,689,173,96,2,1,1,1,0.9711134855017918,0.005454149000001962,7.823127812607622,,,,0.9711134855017918,0.3025332463722345,0.6685802391295572,0.7951462852569575,0.7318632621932574,0.96875,0.9545454545454546,0.1247585526866913
49,tic-tac-toe,openml_repeat0_fold0_sample0,diff_fpde,ok,,47,47,27,689,173,96,2,1,1,1,0.9540853815367855,0.00409680100000287,2.4894619721920175,0.37340964869679916,,9.992007221626409e-16,0.9540853815367855,0.6887981731544558,0.26528720838232966,0.7556391674013315,0.5104631878918306,0.96875,0.9545454545454546,0.1247585526866913
49,tic-tac-toe,openml_repeat0_fold0_sample0,cos_fpde,ok,,47,47,27,689,173,96,2,1,1,1,0.9540853815367855,0.004144701000001305,1.5011907257078825,0.14445355911719232,,-2.7755575615628914e-17,0.9540853815367855,0.7012317133819824,0.25285366815480304,0.7556597533378286,0.5042567107463158,0.96875,0.9545454545454546,0.1247585526866913
49,tic-tac-toe,openml_repeat0_fold0_sample0,hyb_fpde_grid,ok,,47,47,27,689,173,96,2,1,1,1,0.9540853815367855,0.006318034999992506,1.0,0.14999612481246496,1.0,-5.551115123125783e-17,0.9540853815367855,0.6887981731544558,0.26528720838232966,0.7556391674013315,0.5104631878918306,0.96875,0.9545454545454546,0.1247585526866913
49,tic-tac-toe,openml_repeat0_fold0_sample0,shap,ok,,47,47,27,689,173,96,2,1,1,1,0.9540853815367855,0.03725118100000202,6.626656847762486,,,,0.9540853815367855,0.3897773736711684,0.5643080078656171,0.971373250488812,0.7678406291772145,0.96875,0.9545454545454546,0.1247585526866913
49,tic-tac-toe,openml_repeat0_fold0_sample0,lime,ok,,47,47,27,689,173,96,2,1,1,1,0.9540853815367855,0.010156723999998007,0.6795558852079613,,,,0.9540853815367855,0.9263035352293949,0.027781846307390556,0.1773898855284372,0.10258586591791388,0.96875,0.9545454545454546,0.1247585526866913
49,tic-tac-toe,openml_repeat0_fold0_sample0,aime,ok,,47,47,27,689,173,96,2,1,1,1,0.9540853815367855,0.005379298999997673,9.123653845931614,,,,0.9540853815367855,0.7012317133819824,0.25285366815480304,0.7556597533378286,0.5042567107463158,0.96875,0.9545454545454546,0.1247585526866913
49,tic-tac-toe,openml_repeat0_fold0_sample0,diff_fpde,ok,,48,48,27,689,173,96,2,1,1,1,0.9953585460170803,0.004082234000009066,2.480818528222848,1.7695044883062832,,2.220446049250313e-16,0.9953585460170803,0.26537984235943446,0.7299787036576458,0.8057301648296258,0.7678544342436358,0.96875,0.9545454545454546,0.1247585526866913
49,tic-tac-toe,openml_repeat0_fold0_sample0,cos_fpde,ok,,48,48,27,689,173,96,2,1,1,1,0.9953585460170803,0.004156652999995458,1.425789614573429,0.982042027862301,,2.220446049250313e-16,0.9953585460170803,0.27163461429884916,0.7237239317182311,0.7152531053355404,0.7194885185268858,0.96875,0.9545454545454546,0.1247585526866913
49,tic-tac-toe,openml_repeat0_fold0_sample0,hyb_fpde_grid,ok,,48,48,27,689,173,96,2,1,1,1,0.9953585460170803,0.006267781000005357,0.9999999999999999,0.7132744568680242,1.0,-1.1102230246251565e-16,0.9953585460170803,0.26537984235943446,0.7299787036576458,0.8057301648296258,0.7678544342436358,0.96875,0.9545454545454546,0.1247585526866913
49,tic-tac-toe,openml_repeat0_fold0_sample0,shap,ok,,48,48,27,689,173,96,2,1,1,1,0.9953585460170803,0.03701157300000091,5.716047965954035,,,,0.9953585460170803,0.1700018652583389,0.8253566807587414,0.8757560764953809,0.8505563786270611,0.96875,0.9545454545454546,0.1247585526866913
49,tic-tac-toe,openml_repeat0_fold0_sample0,lime,ok,,48,48,27,689,173,96,2,1,1,1,0.9953585460170803,0.0101873810000086,0.6859176032225403,,,,0.9953585460170803,0.8508593321110256,0.1444992139060547,0.1833523980706645,0.1639258059883596,0.96875,0.9545454545454546,0.1247585526866913
49,tic-tac-toe,openml_repeat0_fold0_sample0,aime,ok,,48,48,27,689,173,96,2,1,1,1,0.9953585460170803,0.005351708000006283,7.474782361411009,,,,0.9953585460170803,0.2702692696806218,0.7250892763364585,0.715614216472781,0.7203517464046197,0.96875,0.9545454545454546,0.1247585526866913
49,tic-tac-toe,openml_repeat0_fold0_sample0,diff_fpde,ok,,49,49,27,689,173,96,2,1,1,1,0.9117334861062024,0.0040932639999908815,2.519064436616141,-0.5753211741762835,,3.3306690738754696e-16,0.9117334861062024,0.7361811561159702,0.17555232999023218,0.8707712567136554,0.5231617933519438,0.96875,0.9545454545454546,0.1247585526866913
49,tic-tac-toe,openml_repeat0_fold0_sample0,cos_fpde,ok,,49,49,27,689,173,96,2,1,1,1,0.9117334861062024,0.004134913000001461,1.6061707029920516,-0.4431513557269246,,0.0,0.9117334861062024,0.7361811561159702,0.17555232999023218,0.8707712567136554,0.5231617933519438,0.96875,0.9545454545454546,0.1247585526866913
49,tic-tac-toe,openml_repeat0_fold0_sample0,hyb_fpde_grid,ok,,49,49,27,689,173,96,2,1,1,1,0.9117334861062024,0.006273823000000789,1.0,-0.22838684307302295,1.0,-5.551115123125783e-17,0.9117334861062024,0.7361811561159702,0.17555232999023218,0.8707712567136554,0.5231617933519438,0.96875,0.9545454545454546,0.1247585526866913
49,tic-tac-toe,openml_repeat0_fold0_sample0,shap,ok,,49,49,27,689,173,96,2,1,1,1,0.9117334861062024,0.03737115500000243,8.021638699840615,,,,0.9117334861062024,0.4673987474390041,0.4443347386671983,0.9544215192950719,0.6993781289811352,0.96875,0.9545454545454546,0.1247585526866913
49,tic-tac-toe,openml_repeat0_fold0_sample0,lime,ok,,49,49,27,689,173,96,2,1,1,1,0.9117334861062024,0.010224078999996777,0.6611928615858558,,,,0.9117334861062024,0.9317900948713884,-0.020056608765186,0.5030615922865314,0.24150249176067268,0.96875,0.9545454545454546,0.1247585526866913
49,tic-tac-toe,openml_repeat0_fold0_sample0,aime,ok,,49,49,27,689,173,96,2,1,1,1,0.9117334861062024,0.005328935999997952,5.824188703895145,,,,0.9117334861062024,0.7437178412378415,0.16801564486836096,0.8303266291287115,0.4991711369985362,0.96875,0.9545454545454546,0.1247585526866913
49,tic-tac-toe,openml_repeat0_fold0_sample0,diff_fpde,ok,,50,50,27,689,173,96,2,1,1,1,0.9595373769041827,0.004146073000001138,2.490028775216397,-0.31479118812328455,,8.881784197001252e-16,0.9595373769041827,0.6800928353078406,0.27944454159634213,0.7584277917013934,0.5189361666488678,0.96875,0.9545454545454546,0.1247585526866913
49,tic-tac-toe,openml_repeat0_fold0_sample0,cos_fpde,ok,,50,50,27,689,173,96,2,1,1,1,0.9595373769041827,0.004179596000000174,1.5366134611728701,-0.2725925344181076,,0.0,0.9595373769041827,0.6800928353078406,0.27944454159634213,0.7584277917013934,0.5189361666488678,0.96875,0.9545454545454546,0.1247585526866913
49,tic-tac-toe,openml_repeat0_fold0_sample0,hyb_fpde_grid,ok,,50,50,27,689,173,96,2,1,1,1,0.9595373769041827,0.006324035999995203,1.0,-0.12642070294787155,1.0,0.0,0.9595373769041827,0.6800928353078406,0.27944454159634213,0.7584277917013934,0.5189361666488678,0.96875,0.9545454545454546,0.1247585526866913
49,tic-tac-toe,openml_repeat0_fold0_sample0,shap,ok,,50,50,27,689,173,96,2,1,1,1,0.9595373769041827,0.03719079799999747,7.792681934150554,,,,0.9595373769041827,0.608059437302046,0.3514779396021367,0.9461354079673628,0.6488066737847498,0.96875,0.9545454545454546,0.1247585526866913
49,tic-tac-toe,openml_repeat0_fold0_sample0,lime,ok,,50,50,27,689,173,96,2,1,1,1,0.9595373769041827,0.010221743999991872,0.6947281999511769,,,,0.9595373769041827,0.9450911587661917,0.014446218137991074,0.5303969749336979,0.27242159653584447,0.96875,0.9545454545454546,0.1247585526866913
49,tic-tac-toe,openml_repeat0_fold0_sample0,aime,ok,,50,50,27,689,173,96,2,1,1,1,0.9595373769041827,0.005411258999998836,5.724705422014309,,,,0.9595373769041827,0.6800928353078406,0.27944454159634213,0.7584277917013934,0.5189361666488678,0.96875,0.9545454545454546,0.1247585526866913
49,tic-tac-toe,openml_repeat0_fold0_sample0,diff_fpde,ok,,51,51,27,689,173,96,2,1,1,1,0.9220633875431007,0.004188972999997986,2.5460498767939233,-0.7261905372632194,,2.220446049250313e-16,0.9220633875431007,0.363711005541997,0.5583523820011037,0.49222379168629515,0.5252880868436994,0.96875,0.9545454545454546,0.1247585526866913
49,tic-tac-toe,openml_repeat0_fold0_sample0,cos_fpde,ok,,51,51,27,689,173,96,2,1,1,1,0.9220633875431007,0.004213789999994333,1.5705663360117437,-0.5360613043607746,,1.1102230246251565e-16,0.9220633875431007,0.363711005541997,0.5583523820011037,0.49222379168629515,0.5252880868436994,0.96875,0.9545454545454546,0.1247585526866913
49,tic-tac-toe,openml_repeat0_fold0_sample0,hyb_fpde_grid,ok,,51,51,27,689,173,96,2,1,1,1,0.9220633875431007,0.00639893700000016,0.9999999999999999,-0.28522243176856554,1.0,-5.551115123125783e-17,0.9220633875431007,0.363711005541997,0.5583523820011037,0.49222379168629515,0.5252880868436994,0.96875,0.9545454545454546,0.1247585526866913
49,tic-tac-toe,openml_repeat0_fold0_sample0,shap,ok,,51,51,27,689,173,96,2,1,1,1,0.9220633875431007,0.03704564699999935,7.7374503422079135,,,,0.9220633875431007,0.1551909649626923,0.7668724225804084,0.8313056859673315,0.79908905427387,0.96875,0.9545454545454546,0.1247585526866913
49,tic-tac-toe,openml_repeat0_fold0_sample0,lime,ok,,51,51,27,689,173,96,2,1,1,1,0.9220633875431007,0.010293590000003405,0.6855745623338144,,,,0.9220633875431007,0.841450421624776,0.08061296591832467,0.17150387338468231,0.1260584196515035,0.96875,0.9545454545454546,0.1247585526866913
49,tic-tac-toe,openml_repeat0_fold0_sample0,aime,ok,,51,51,27,689,173,96,2,1,1,1,0.9220633875431007,0.005388737000004085,7.893642614334913,,,,0.9220633875431007,0.3616689508862104,0.5603944366568903,0.4888789640030657,0.524636700329978,0.96875,0.9545454545454546,0.1247585526866913
49,tic-tac-toe,openml_repeat0_fold0_sample0,diff_fpde,ok,,52,52,27,689,173,96,2,1,1,1,0.94127628615412,0.0041182410000004666,2.526704182349749,-0.2523644098806067,,-7.771561172376096e-16,0.94127628615412,0.24009270694491103,0.7011835792092089,0.47963227034697936,0.5904079247780941,0.96875,0.9545454545454546,0.1247585526866913
49,tic-tac-toe,openml_repeat0_fold0_sample0,cos_fpde,ok,,52,52,27,689,173,96,2,1,1,1,0.94127628615412,0.004196707999994942,1.5377625511200042,-0.23993690347755606,,2.7755575615628914e-17,0.94127628615412,0.24009270694491103,0.7011835792092089,0.47963227034697936,0.5904079247780941,0.96875,0.9545454545454546,0.1247585526866913
49,tic-tac-toe,openml_repeat0_fold0_sample0,hyb_fpde_grid,ok,,52,52,27,689,173,96,2,1,1,1,0.94127628615412,0.006374790999998936,0.9999999999999999,-0.09987889031232625,1.0,5.551115123125783e-17,0.94127628615412,0.24009270694491103,0.7011835792092089,0.47963227034697936,0.5904079247780941,0.96875,0.9545454545454546,0.1247585526866913
49,tic-tac-toe,openml_repeat0_fold0_sample0,shap,ok,,52,52,27,689,173,96,2,1,1,1,0.94127628615412,0.03713877100000218,8.13632172322403,,,,0.94127628615412,0.16330909166394045,0.7779671944901795,0.892777935172988,0.8353725648315837,0.96875,0.9545454545454546,0.1247585526866913
49,tic-tac-toe,openml_repeat0_fold0_sample0,lime,ok,,52,52,27,689,173,96,2,1,1,1,0.94127628615412,0.010294291000008116,0.6460937988647975,,,,0.94127628615412,0.8217737682658055,0.11950251788831445,0.17852043161430198,0.14901147475130821,0.96875,0.9545454545454546,0.1247585526866913
49,tic-tac-toe,openml_repeat0_fold0_sample0,aime,ok,,52,52,27,689,173,96,2,1,1,1,0.94127628615412,0.00536815899999965,7.815243912636906,,,,0.94127628615412,0.24122304454883697,0.7000532416052829,0.47240714840229614,0.5862301950037896,0.96875,0.9545454545454546,0.1247585526866913
49,tic-tac-toe,openml_repeat0_fold0_sample0,diff_fpde,ok,,53,53,27,689,173,96,2,1,1,1,0.7567570540299063,0.004137296999999762,2.5419212602400667,0.6290302902588637,,3.3306690738754696e-16,0.7567570540299063,0.6883641653324936,0.06839288869741278,0.23890447768261863,0.1536486831900157,0.96875,0.9545454545454546,0.1247585526866913
49,tic-tac-toe,openml_repeat0_fold0_sample0,cos_fpde,ok,,53,53,27,689,173,96,2,1,1,1,0.7567570540299063,0.004182761999999229,1.5605519039297946,0.31091945212881456,,1.1102230246251565e-16,0.7567570540299063,0.6948866231392564,0.06187043089064992,0.23892506361911575,0.15039774725488284,0.96875,0.9545454545454546,0.1247585526866913
49,tic-tac-toe,openml_repeat0_fold0_sample0,hyb_fpde_grid,ok,,53,53,27,689,173,96,2,1,1,1,0.7567570540299063,0.006363299000000211,1.0000000000000002,0.24746253949638713,1.0,0.0,0.7567570540299063,0.6883641653324936,0.06839288869741278,0.23890447768261863,0.1536486831900157,0.96875,0.9545454545454546,0.1247585526866913
49,tic-tac-toe,openml_repeat0_fold0_sample0,shap,ok,,53,53,27,689,173,96,2,1,1,1,0.7567570540299063,0.037791060999992965,7.052664262771829,,,,0.7567570540299063,0.43650445536167193,0.3202525986682344,0.7645432399749851,0.5423979193216097,0.96875,0.9545454545454546,0.1247585526866913
49,tic-tac-toe,openml_repeat0_fold0_sample0,lime,ok,,53,53,27,689,173,96,2,1,1,1,0.7567570540299063,0.010128070000007483,0.7126996146067528,,,,0.7567570540299063,0.9272029730767882,-0.1704459190468819,0.14225331329803528,-0.014096302874423303,0.96875,0.9545454545454546,0.1247585526866913
49,tic-tac-toe,openml_repeat0_fold0_sample0,aime,ok,,53,53,27,689,173,96,2,1,1,1,0.7567570540299063,0.005365453999999659,7.734459966689906,,,,0.7567570540299063,0.6872874315079345,0.06946962252197186,0.2368231585222017,0.15314639052208678,0.96875,0.9545454545454546,0.1247585526866913
49,tic-tac-toe,openml_repeat0_fold0_sample0,diff_fpde,ok,,54,54,27,689,173,96,2,1,1,1,0.9879947554974465,0.004105516999999281,2.5057062174923894,0.3533817546940101,,0.0,0.9879947554974465,0.23166513819111068,0.7563296173063359,0.8112494067409812,0.7837895120236585,0.96875,0.9545454545454546,0.1247585526866913
49,tic-tac-toe,openml_repeat0_fold0_sample0,cos_fpde,ok,,54,54,27,689,173,96,2,1,1,1,0.9879947554974465,0.004150111000001289,1.4431782244324958,0.12805063579297998,,5.551115123125783e-17,0.9879947554974465,0.23166513819111068,0.7563296173063359,0.8112486566266846,0.7837891369665102,0.96875,0.9545454545454546,0.1247585526866913
49,tic-tac-toe,openml_repeat0_fold0_sample0,hyb_fpde_grid,ok,,54,54,27,689,173,96,2,1,1,1,0.9879947554974465,0.006300080999992019,0.9999999999999998,0.14103080090836043,1.0,-2.7755575615628914e-17,0.9879947554974465,0.23166513819111068,0.7563296173063359,0.8112494067409812,0.7837895120236585,0.96875,0.9545454545454546,0.1247585526866913
49,tic-tac-toe,openml_repeat0_fold0_sample0,shap,ok,,54,54,27,689,173,96,2,1,1,1,0.9879947554974465,0.03701951699999029,7.29261197949026,,,,0.9879947554974465,0.16338707603407043,0.8246076794633761,0.9366546499636126,0.8806311647134943,0.96875,0.9545454545454546,0.1247585526866913
49,tic-tac-toe,openml_repeat0_fold0_sample0,lime,ok,,54,54,27,689,173,96,2,1,1,1,0.9879947554974465,0.010234718999996062,0.703717624918566,,,,0.9879947554974465,0.8308586182574629,0.15713613723998365,0.1846931270594109,0.17091463214969727,0.96875,0.9545454545454546,0.1247585526866913
49,tic-tac-toe,openml_repeat0_fold0_sample0,aime,ok,,54,54,27,689,173,96,2,1,1,1,0.9879947554974465,0.005414174000009098,7.746290083619323,,,,0.9879947554974465,0.23104091105920382,0.7569538444382427,0.8112698065324775,0.7841118254853601,0.96875,0.9545454545454546,0.1247585526866913
49,tic-tac-toe,openml_repeat0_fold0_sample0,diff_fpde,ok,,55,55,27,689,173,96,2,1,1,1,0.9869950076406486,0.004133128999995961,2.5481296890875575,1.1927866826345028,,1.1102230246251565e-15,0.9869950076406486,0.2579920429157014,0.7290029647249472,0.7981482954517887,0.7635756300883679,0.96875,0.9545454545454546,0.1247585526866913
49,tic-tac-toe,openml_repeat0_fold0_sample0,cos_fpde,ok,,55,55,27,689,173,96,2,1,1,1,0.9869950076406486,0.004213088000000198,1.5510706410322461,0.6664910515302758,,2.220446049250313e-16,0.9869950076406486,0.2579920429157014,0.7290029647249472,0.7981482954517887,0.7635756300883679,0.96875,0.9545454545454546,0.1247585526866913
49,tic-tac-toe,openml_repeat0_fold0_sample0,hyb_fpde_grid,ok,,55,55,27,689,173,96,2,1,1,1,0.9869950076406486,0.006431355999993116,1.0,0.46810281585848934,1.0,-5.551115123125783e-17,0.9869950076406486,0.2579920429157014,0.7290029647249472,0.7981482954517887,0.7635756300883679,0.96875,0.9545454545454546,0.1247585526866913
49,tic-tac-toe,openml_repeat0_fold0_sample0,shap,ok,,55,55,27,689,173,96,2,1,1,1,0.9869950076406486,0.0376425729999994,7.020005470701547,,,,0.9869950076406486,0.17459336553643212,0.8124016421042165,0.9333125021732306,0.8728570721387235,0.96875,0.9545454545454546,0.1247585526866913
49,tic-tac-toe,openml_repeat0_fold0_sample0,lime,ok,,55,55,27,689,173,96,2,1,1,1,0.9869950076406486,0.01031778399999439,0.7351920970746356,,,,0.9869950076406486,0.8875229505935232,0.09947205704712547,0.18093643666650022,0.14020424685681285,0.96875,0.9545454545454546,0.1247585526866913
49,tic-tac-toe,openml_repeat0_fold0_sample0,aime,ok,,55,55,27,689,173,96,2,1,1,1,0.9869950076406486,0.005352339999987521,7.740624193577496,,,,0.9869950076406486,0.27037468106391205,0.7166203265767366,0.7056951855478207,0.7111577560622786,0.96875,0.9545454545454546,0.1247585526866913
49,tic-tac-toe,openml_repeat0_fold0_sample0,diff_fpde,ok,,56,56,27,689,173,96,2,1,1,1,0.9908082067019348,0.004162813999997184,2.4529906500841507,0.6957341489292492,,8.881784197001252e-16,0.9908082067019348,0.7152374768153513,0.2755707298865835,0.7706805508938526,0.523125640390218,0.96875,0.9545454545454546,0.1247585526866913
49,tic-tac-toe,openml_repeat0_fold0_sample0,cos_fpde,ok,,56,56,27,689,173,96,2,1,1,1,0.9908082067019348,0.004188592000005542,1.5145656481966467,0.3499516415664523,,-5.551115123125783e-17,0.9908082067019348,0.7152374768153513,0.2755707298865835,0.7706805508938526,0.523125640390218,0.96875,0.9545454545454546,0.1247585526866913
49,tic-tac-toe,openml_repeat0_fold0_sample0,hyb_fpde_grid,ok,,56,56,27,689,173,96,2,1,1,1,0.9908082067019348,0.006328804999995441,1.0000000000000002,0.28362690616263947,1.0,5.551115123125783e-17,0.9908082067019348,0.7152374768153513,0.2755707298865835,0.7706805508938526,0.523125640390218,0.96875,0.9545454545454546,0.1247585526866913
49,tic-tac-toe,openml_repeat0_fold0_sample0,shap,ok,,56,56,27,689,173,96,2,1,1,1,0.9908082067019348,0.03714878899999974,6.3025730296339475,,,,0.9908082067019348,0.4402168897490323,0.5505913169529025,0.9790948724840949,0.7648430947184988,0.96875,0.9545454545454546,0.1247585526866913
49,tic-tac-toe,openml_repeat0_fold0_sample0,lime,ok,,56,56,27,689,173,96,2,1,1,1,0.9908082067019348,0.010285905000003481,0.6736313080113818,,,,0.9908082067019348,0.9407144240139573,0.050093782687977484,0.1820557910549669,0.11607478687147219,0.96875,0.9545454545454546,0.1247585526866913
49,tic-tac-toe,openml_repeat0_fold0_sample0,aime,ok,,56,56,27,689,173,96,2,1,1,1,0.9908082067019348,0.005405377999991856,8.868209506219278,,,,0.9908082067019348,0.7334696203400357,0.2573385863618991,0.7610470549676083,0.5091928206647537,0.96875,0.9545454545454546,0.1247585526866913
49,tic-tac-toe,openml_repeat0_fold0_sample0,diff_fpde,ok,,57,57,27,689,173,96,2,1,1,1,0.9392577607470975,0.004123010000000704,2.512337637516721,-0.6362602722701927,,1.3322676295501878e-15,0.9392577607470975,0.6074680461878819,0.3317897145592157,0.811404703495197,0.5715972090272063,0.96875,0.9545454545454546,0.1247585526866913
49,tic-tac-toe,openml_repeat0_fold0_sample0,cos_fpde,ok,,57,57,27,689,173,96,2,1,1,1,0.9392577607470975,0.0042120060000030435,1.612582680812412,-0.48329443795565896,,0.0,0.9392577607470975,0.6074680461878819,0.3317897145592157,0.811404703495197,0.5715972090272063,0.96875,0.9545454545454546,0.1247585526866913
49,tic-tac-toe,openml_repeat0_fold0_sample0,hyb_fpde_grid,ok,,57,57,27,689,173,96,2,1,1,1,0.9392577607470975,0.006410827999999924,1.0,-0.2532542850805251,1.0,5.551115123125783e-17,0.9392577607470975,0.6074680461878819,0.3317897145592157,0.811404703495197,0.5715972090272063,0.96875,0.9545454545454546,0.1247585526866913
49,tic-tac-toe,openml_repeat0_fold0_sample0,shap,ok,,57,57,27,689,173,96,2,1,1,1,0.9392577607470975,0.03853450100000089,7.272570859752837,,,,0.9392577607470975,0.541539603663868,0.39771815708322955,0.955113989325566,0.6764160732043978,0.96875,0.9545454545454546,0.1247585526866913
49,tic-tac-toe,openml_repeat0_fold0_sample0,lime,ok,,57,57,27,689,173,96,2,1,1,1,0.9392577607470975,0.010424423999992882,0.7193192470214009,,,,0.9392577607470975,0.9435430011560231,-0.004285240408925528,0.5757664013806627,0.2857405804858686,0.96875,0.9545454545454546,0.1247585526866913
49,tic-tac-toe,openml_repeat0_fold0_sample0,aime,ok,,57,57,27,689,173,96,2,1,1,1,0.9392577607470975,0.005446526000000063,5.810158350303686,,,,0.9392577607470975,0.6082294315971595,0.33102832914993807,0.7996626302704479,0.565345479710193,0.96875,0.9545454545454546,0.1247585526866913
49,tic-tac-toe,openml_repeat0_fold0_sample0,diff_fpde,ok,,58,58,27,689,173,96,2,1,1,1,0.9960386151735119,0.004109224999993444,2.475899706773644,1.7423171335875478,,-2.220446049250313e-16,0.9960386151735119,0.2773010089400561,0.7187376062334558,0.805408084652141,0.7620728454427984,0.96875,0.9545454545454546,0.1247585526866913
49,tic-tac-toe,openml_repeat0_fold0_sample0,cos_fpde,ok,,58,58,27,689,173,96,2,1,1,1,0.9960386151735119,0.004139300000005619,1.4206498455770038,0.9636770928618771,,1.1102230246251565e-16,0.9960386151735119,0.2762811904491244,0.7197574247243874,0.805428670588638,0.7625930476565127,0.96875,0.9545454545454546,0.1247585526866913
49,tic-tac-toe,openml_repeat0_fold0_sample0,hyb_fpde_grid,ok,,58,58,27,689,173,96,2,1,1,1,0.9960386151735119,0.006338472999999567,0.9999999999999998,0.7037107071909505,1.0,1.1102230246251565e-16,0.9960386151735119,0.2773010089400561,0.7187376062334558,0.805408084652141,0.7620728454427984,0.96875,0.9545454545454546,0.1247585526866913
49,tic-tac-toe,openml_repeat0_fold0_sample0,shap,ok,,58,58,27,689,173,96,2,1,1,1,0.9960386151735119,0.037425367000011533,5.491385952862179,,,,0.9960386151735119,0.17089451366777098,0.8251441015057409,0.8737275616015467,0.8494358315536439,0.96875,0.9545454545454546,0.1247585526866913
49,tic-tac-toe,openml_repeat0_fold0_sample0,lime,ok,,58,58,27,689,173,96,2,1,1,1,0.9960386151735119,0.01025701100000731,0.6324149208891106,,,,0.9960386151735119,0.8808263628606714,0.11521225231284049,0.18262313818195136,0.14891769524739593,0.96875,0.9545454545454546,0.1247585526866913
49,tic-tac-toe,openml_repeat0_fold0_sample0,aime,ok,,58,58,27,689,173,96,2,1,1,1,0.9960386151735119,0.0054023420000106626,7.471414757161357,,,,0.9960386151735119,0.27523130807818774,0.7208073070953241,0.7150086821555184,0.7179079946254212,0.96875,0.9545454545454546,0.1247585526866913
49,tic-tac-toe,openml_repeat0_fold0_sample0,diff_fpde,ok,,59,59,27,689,173,96,2,1,1,1,0.9833461653717115,0.004090320000003089,2.542153698851539,1.1109456784504026,,8.881784197001252e-16,0.9833461653717115,0.2747441501377583,0.7086020152339532,0.6731791655384891,0.6908905903862211,0.96875,0.9545454545454546,0.1247585526866913
49,tic-tac-toe,openml_repeat0_fold0_sample0,cos_fpde,ok,,59,59,27,689,173,96,2,1,1,1,0.9833461653717115,0.004134070999995743,1.5487231650142017,0.614242433996791,,-1.1102230246251565e-16,0.9833461653717115,0.2747441501377583,0.7086020152339532,0.6731791655384891,0.6908905903862211,0.96875,0.9545454545454546,0.1247585526866913
49,tic-tac-toe,openml_repeat0_fold0_sample0,hyb_fpde_grid,ok,,59,59,27,689,173,96,2,1,1,1,0.9833461653717115,0.006318915999997898,1.0000000000000002,0.43700964223850464,1.0,-5.551115123125783e-17,0.9833461653717115,0.2747441501377583,0.7086020152339532,0.6731791655384891,0.6908905903862211,0.96875,0.9545454545454546,0.1247585526866913
49,tic-tac-toe,openml_repeat0_fold0_sample0,shap,ok,,59,59,27,689,173,96,2,1,1,1,0.9833461653717115,0.03755228400000021,7.141668644972132,,,,0.9833461653717115,0.18724991617855707,0.7960962491931545,0.9372219074607424,0.8666590783269484,0.96875,0.9545454545454546,0.1247585526866913
49,tic-tac-toe,openml_repeat0_fold0_sample0,lime,ok,,59,59,27,689,173,96,2,1,1,1,0.9833461653717115,0.010301103000003309,0.7152089580222306,,,,0.9833461653717115,0.8027440101099039,0.18060215526180756,0.18314808859461165,0.1818751219282096,0.96875,0.9545454545454546,0.1247585526866913
49,tic-tac-toe,openml_repeat0_fold0_sample0,aime,ok,,59,59,27,689,173,96,2,1,1,1,0.9833461653717115,0.005398575999990385,7.74710742018623,,,,0.9833461653717115,0.2747441501377583,0.7086020152339532,0.6731791655384891,0.6908905903862211,0.96875,0.9545454545454546,0.1247585526866913
49,tic-tac-toe,openml_repeat0_fold0_sample0,diff_fpde,ok,,60,60,27,689,173,96,2,1,1,1,0.9608955175366106,0.004113381999999888,2.5447026266312296,1.1692813362839678,,1.1102230246251565e-15,0.9608955175366106,0.24895423350635165,0.711941284030259,0.7069817086450316,0.7094614963376453,0.96875,0.9545454545454546,0.1247585526866913
49,tic-tac-toe,openml_repeat0_fold0_sample0,cos_fpde,ok,,60,60,27,689,173,96,2,1,1,1,0.9608955175366106,0.004203880999995135,1.5339377080407435,0.6455669692087487,,1.1102230246251565e-16,0.9608955175366106,0.24895423350635165,0.711941284030259,0.7069817086450316,0.7094614963376453,0.96875,0.9545454545454546,0.1247585526866913
49,tic-tac-toe,openml_repeat0_fold0_sample0,hyb_fpde_grid,ok,,60,60,27,689,173,96,2,1,1,1,0.9608955175366106,0.006440593999997191,1.0,0.4594962586382462,1.0,5.551115123125783e-17,0.9608955175366106,0.24895423350635165,0.711941284030259,0.7069817086450316,0.7094614963376453,0.96875,0.9545454545454546,0.1247585526866913
49,tic-tac-toe,openml_repeat0_fold0_sample0,shap,ok,,60,60,27,689,173,96,2,1,1,1,0.9608955175366106,0.03716003400001,6.937619703849637,,,,0.9608955175366106,0.1565036047606665,0.8043919127759441,0.9255712894297667,0.8649816011028555,0.96875,0.9545454545454546,0.1247585526866913
49,tic-tac-toe,openml_repeat0_fold0_sample0,lime,ok,,60,60,27,689,173,96,2,1,1,1,0.9608955175366106,0.0102682939999994,0.6845766160845635,,,,0.9608955175366106,0.8406436379492754,0.12025187958733519,0.1753127241969482,0.1477823018921417,0.96875,0.9545454545454546,0.1247585526866913
49,tic-tac-toe,openml_repeat0_fold0_sample0,aime,ok,,60,60,27,689,173,96,2,1,1,1,0.9608955175366106,0.005435675000001083,7.735703886546062,,,,0.9608955175366106,0.24316849956126804,0.7177270179753426,0.7062978734109457,0.7120124456931441,0.96875,0.9545454545454546,0.1247585526866913
49,tic-tac-toe,openml_repeat0_fold0_sample0,diff_fpde,ok,,61,61,27,689,173,96,2,1,1,1,0.9846488704370443,0.004115146000003733,2.4899700550769306,0.35823531117936547,,1.7763568394002505e-15,0.9846488704370443,0.6764168706749014,0.3082319997621429,0.7715850257949404,0.5399085127785417,0.96875,0.9545454545454546,0.1247585526866913
49,tic-tac-toe,openml_repeat0_fold0_sample0,cos_fpde,ok,,61,61,27,689,173,96,2,1,1,1,0.9846488704370443,0.004193132000011701,1.5064231792268712,0.13557464762382299,,0.0,0.9846488704370443,0.6824058029204004,0.30224306751664387,0.7619515298686961,0.53209729869267,0.96875,0.9545454545454546,0.1247585526866913
49,tic-tac-toe,openml_repeat0_fold0_sample0,hyb_fpde_grid,ok,,61,61,27,689,173,96,2,1,1,1,0.9846488704370443,0.006404728999996223,1.0,0.14387133309050873,1.0,0.0,0.9846488704370443,0.6764168706749014,0.3082319997621429,0.7715850257949404,0.5399085127785417,0.96875,0.9545454545454546,0.1247585526866913
49,tic-tac-toe,openml_repeat0_fold0_sample0,shap,ok,,61,61,27,689,173,96,2,1,1,1,0.9846488704370443,0.03701608699999781,6.507831365648422,,,,0.9846488704370443,0.36851636678050426,0.61613250365654,0.9809269630008983,0.7985297333287191,0.96875,0.9545454545454546,0.1247585526866913
49,tic-tac-toe,openml_repeat0_fold0_sample0,lime,ok,,61,61,27,689,173,96,2,1,1,1,0.9846488704370443,0.010254877999997802,0.6844741564425472,,,,0.9846488704370443,0.940767216529951,0.04388165390709331,0.1784887813589148,0.11118521763300405,0.96875,0.9545454545454546,0.1247585526866913
49,tic-tac-toe,openml_repeat0_fold0_sample0,aime,ok,,61,61,27,689,173,96,2,1,1,1,0.9846488704370443,0.00538211599999272,9.128993400149339,,,,0.9846488704370443,0.6824058029204004,0.30224306751664387,0.7619515298686961,0.53209729869267,0.96875,0.9545454545454546,0.1247585526866913
49,tic-tac-toe,openml_repeat0_fold0_sample0,diff_fpde,ok,,62,62,27,689,173,96,2,1,1,1,0.9893534100660201,0.004119082999991974,2.5466804667847183,0.6983747811933125,,4.440892098500626e-16,0.9893534100660201,0.29554471495417467,0.6938086951118454,0.8017974260878269,0.7478030605998361,0.96875,0.9545454545454546,0.1247585526866913
49,tic-tac-toe,openml_repeat0_fold0_sample0,cos_fpde,ok,,62,62,27,689,173,96,2,1,1,1,0.9893534100660201,0.004206166999992433,1.534823246735368,0.3486268242175453,,0.0,0.9893534100660201,0.29554471495417467,0.6938086951118454,0.8017974260878269,0.7478030605998361,0.96875,0.9545454545454546,0.1247585526866913
49,tic-tac-toe,openml_repeat0_fold0_sample0,hyb_fpde_grid,ok,,62,62,27,689,173,96,2,1,1,1,0.9893534100660201,0.00638179599999944,1.0000000000000002,0.2742294490030928,1.0,0.0,0.9893534100660201,0.29554471495417467,0.6938086951118454,0.8017974260878269,0.7478030605998361,0.96875,0.9545454545454546,0.1247585526866913
49,tic-tac-toe,openml_repeat0_fold0_sample0,shap,ok,,62,62,27,689,173,96,2,1,1,1,0.9893534100660201,0.037260634999995546,7.16773592643471,,,,0.9893534100660201,0.19198677072340264,0.7973666393426174,0.9358734484712852,0.8666200439069514,0.96875,0.9545454545454546,0.1247585526866913
49,tic-tac-toe,openml_repeat0_fold0_sample0,lime,ok,,62,62,27,689,173,96,2,1,1,1,0.9893534100660201,0.010191079999998465,0.6394030302061333,,,,0.9893534100660201,0.780941275090178,0.2084121349758421,0.18337918175365178,0.19589565836474693,0.96875,0.9545454545454546,0.1247585526866913
49,tic-tac-toe,openml_repeat0_fold0_sample0,aime,ok,,62,62,27,689,173,96,2,1,1,1,0.9893534100660201,0.005332492999997385,7.824592544474339,,,,0.9893534100660201,0.2939395698979693,0.6954138401680507,0.8018180120243239,0.7486159260961873,0.96875,0.9545454545454546,0.1247585526866913
49,tic-tac-toe,openml_repeat0_fold0_sample0,diff_fpde,ok,,63,63,27,689,173,96,2,0,0,0,0.867512287155733,0.00409998700000358,2.5699219060426413,0.009035725547738127,,-9.992007221626409e-16,0.867512287155733,0.5660713246781578,0.30144096247757524,0.5282036018271363,0.4148222821523558,0.96875,0.9545454545454546,0.1247585526866913
49,tic-tac-toe,openml_repeat0_fold0_sample0,cos_fpde,ok,,63,63,27,689,173,96,2,0,0,0,0.867512287155733,0.004156953999995494,1.6754564368561222,0.09306126969227599,,5.551115123125783e-17,0.867512287155733,0.5660713246781578,0.30144096247757524,0.5282036018271363,0.4148222821523558,0.96875,0.9545454545454546,0.1247585526866913
49,tic-tac-toe,openml_repeat0_fold0_sample0,hyb_fpde_grid,ok,,63,63,27,689,173,96,2,0,0,0,0.867512287155733,0.006331361000007973,1.0000000000000002,0.0035159533550387714,1.0,5.117434254131581e-17,0.867512287155733,0.5660713246781578,0.30144096247757524,0.5282036018271363,0.4148222821523558,0.96875,0.9545454545454546,0.1247585526866913
49,tic-tac-toe,openml_repeat0_fold0_sample0,shap,ok,,63,63,27,689,173,96,2,0,0,0,0.867512287155733,0.03707922499999938,8.019166440363557,,,,0.867512287155733,0.7816030929767563,0.08590919417897669,0.20159284758301557,0.14375102088099612,0.96875,0.9545454545454546,0.1247585526866913
49,tic-tac-toe,openml_repeat0_fold0_sample0,lime,ok,,63,63,27,689,173,96,2,0,0,0,0.867512287155733,0.010172003999997514,0.6509092751031682,,,,0.867512287155733,0.792799217369295,0.07471306978643799,0.17306690596480415,0.12388998787562107,0.96875,0.9545454545454546,0.1247585526866913
49,tic-tac-toe,openml_repeat0_fold0_sample0,aime,ok,,63,63,27,689,173,96,2,0,0,0,0.867512287155733,0.005380012000003376,5.890789951512837,,,,0.867512287155733,0.5660713246781578,0.30144096247757524,0.5282036018271363,0.4148222821523558,0.96875,0.9545454545454546,0.1247585526866913
49,tic-tac-toe,openml_repeat0_fold0_sample0,diff_fpde,ok,,64,64,27,689,173,96,2,0,0,0,0.9886639123241993,0.004111379000008242,2.562757613305608,0.43521889616605547,,-4.440892098500626e-16,0.9886639123241993,0.3806847782975321,0.6079791340266671,0.8050889939749637,0.7065340640008154,0.96875,0.9545454545454546,0.1247585526866913
49,tic-tac-toe,openml_repeat0_fold0_sample0,cos_fpde,ok,,64,64,27,689,173,96,2,0,0,0,0.9886639123241993,0.004155542000006562,1.6600093181771605,0.36218529260811944,,-1.6653345369377348e-16,0.9886639123241993,0.3806847782975321,0.6079791340266671,0.8050889939749637,0.7065340640008154,0.96875,0.9545454545454546,0.1247585526866913
49,tic-tac-toe,openml_repeat0_fold0_sample0,hyb_fpde_grid,ok,,64,64,27,689,173,96,2,0,0,0,0.9886639123241993,0.006369282000008525,1.0,0.1698244476599886,1.0,2.7755575615628914e-17,0.9886639123241993,0.3806847782975321,0.6079791340266671,0.8050889939749637,0.7065340640008154,0.96875,0.9545454545454546,0.1247585526866913
49,tic-tac-toe,openml_repeat0_fold0_sample0,shap,ok,,64,64,27,689,173,96,2,0,0,0,0.9886639123241993,0.037592754999991485,8.706444323248778,,,,0.9886639123241993,0.8766863270942643,0.11197758522993495,0.22942405617988498,0.17070082070490997,0.96875,0.9545454545454546,0.1247585526866913
49,tic-tac-toe,openml_repeat0_fold0_sample0,lime,ok,,64,64,27,689,173,96,2,0,0,0,0.9886639123241993,0.010318527999999105,0.7716740928569857,,,,0.9886639123241993,0.8715530836463887,0.11711082867781053,0.18180429557142255,0.14945756212461653,0.96875,0.9545454545454546,0.1247585526866913
49,tic-tac-toe,openml_repeat0_fold0_sample0,aime,ok,,64,64,27,689,173,96,2,0,0,0,0.9886639123241993,0.0053165140000004385,5.928862602511712,,,,0.9886639123241993,0.4075121350963358,0.5811517772278634,0.8041171640675437,0.6926344706477036,0.96875,0.9545454545454546,0.1247585526866913
49,tic-tac-toe,openml_repeat0_fold0_sample0,diff_fpde,ok,,65,65,27,689,173,96,2,0,0,0,0.9775552050362313,0.004095390000003363,2.5228417087313675,0.7818483708290027,,-1.3322676295501878e-15,0.9775552050362313,0.611515165055017,0.36604003998121426,0.7846987477321856,0.5753693938566999,0.96875,0.9545454545454546,0.1247585526866913
49,tic-tac-toe,openml_repeat0_fold0_sample0,cos_fpde,ok,,65,65,27,689,173,96,2,0,0,0,0.9775552050362313,0.0041725729999910754,1.5927434614946472,0.5636818244544102,,0.0,0.9775552050362313,0.611515165055017,0.36604003998121426,0.7846987477321856,0.5753693938566999,0.96875,0.9545454545454546,0.1247585526866913
49,tic-tac-toe,openml_repeat0_fold0_sample0,hyb_fpde_grid,ok,,65,65,27,689,173,96,2,0,0,0,0.9775552050362313,0.006337953999988599,1.0,0.30990781868045214,1.0,0.0,0.9775552050362313,0.611515165055017,0.36604003998121426,0.7846987477321856,0.5753693938566999,0.96875,0.9545454545454546,0.1247585526866913
49,tic-tac-toe,openml_repeat0_fold0_sample0,shap,ok,,65,65,27,689,173,96,2,0,0,0,0.9775552050362313,0.03739397300000746,8.69676716727176,,,,0.9775552050362313,0.8584600955716192,0.1190951094646121,0.2527696882551561,0.1859323988598841,0.96875,0.9545454545454546,0.1247585526866913
49,tic-tac-toe,openml_repeat0_fold0_sample0,lime,ok,,65,65,27,689,173,96,2,0,0,0,0.9775552050362313,0.010206247999988705,0.6572879102442406,,,,0.9775552050362313,0.8538861678100796,0.12366903722615163,0.23483492667949124,0.17925198195282144,0.96875,0.9545454545454546,0.1247585526866913
49,tic-tac-toe,openml_repeat0_fold0_sample0,aime,ok,,65,65,27,689,173,96,2,0,0,0,0.9775552050362313,0.005348051999988002,5.8083224753682305,,,,0.9775552050362313,0.628590674395205,0.3489645306410263,0.7826572148998336,0.56581087277043,0.96875,0.9545454545454546,0.1247585526866913
49,tic-tac-toe,openml_repeat0_fold0_sample0,diff_fpde,ok,,66,66,27,689,173,96,2,0,0,0,0.7410367916464665,0.004098184999989485,2.536610163609803,-0.9003831493941494,,-1.1102230246251565e-15,0.7410367916464665,0.42007524836033977,0.32096154328612675,0.4791304174261519,0.40004598035613936,0.96875,0.9545454545454546,0.1247585526866913
49,tic-tac-toe,openml_repeat0_fold0_sample0,cos_fpde,ok,,66,66,27,689,173,96,2,0,0,0,0.7410367916464665,0.004147275999997646,1.6419399364753104,-0.4931999699193865,,-1.1102230246251565e-16,0.7410367916464665,0.42007524836033977,0.32096154328612675,0.4791304174261519,0.40004598035613936,0.96875,0.9545454545454546,0.1247585526866913
49,tic-tac-toe,openml_repeat0_fold0_sample0,hyb_fpde_grid,ok,,66,66,27,689,173,96,2,0,0,0,0.7410367916464665,0.0063556070000032605,1.0,-0.3549552715316848,1.0,1.1102230246251565e-16,0.7410367916464665,0.42007524836033977,0.32096154328612675,0.4791304174261519,0.40004598035613936,0.96875,0.9545454545454546,0.1247585526866913
49,tic-tac-toe,openml_repeat0_fold0_sample0,shap,ok,,66,66,27,689,173,96,2,0,0,0,0.7410367916464665,0.03698145200000624,7.666707823275466,,,,0.7410367916464665,0.8074971816678187,-0.06646039002135218,0.16490501866898896,0.04922231432381839,0.96875,0.9545454545454546,0.1247585526866913
49,tic-tac-toe,openml_repeat0_fold0_sample0,lime,ok,,66,66,27,689,173,96,2,0,0,0,0.7410367916464665,0.01013906199999326,0.6555970479090558,,,,0.7410367916464665,0.7132550312845906,0.027781760361875962,0.18377210793600837,0.10577693414894217,0.96875,0.9545454545454546,0.1247585526866913
49,tic-tac-toe,openml_repeat0_fold0_sample0,aime,ok,,66,66,27,689,173,96,2,0,0,0,0.7410367916464665,0.005330720000003453,5.754216070643167,,,,0.7410367916464665,0.5018680250889906,0.23916876655747588,0.4873969420096458,0.36328285428356083,0.96875,0.9545454545454546,0.1247585526866913
49,tic-tac-toe,openml_repeat0_fold0_sample0,diff_fpde,ok,,67,67,27,689,173,96,2,0,0,0,0.9531115077658685,0.0040706529999994245,2.5142619220493816,-0.9446974218255766,,-6.661338147750939e-16,0.9531115077658685,0.6280102813197064,0.32510122644616213,0.4474473840292079,0.386274305237685,0.96875,0.9545454545454546,0.1247585526866913
49,tic-tac-toe,openml_repeat0_fold0_sample0,cos_fpde,ok,,67,67,27,689,173,96,2,0,0,0,0.9531115077658685,0.004177433000009501,1.506581017159589,-0.5003545352437675,,-1.1102230246251565e-16,0.9531115077658685,0.6280102813197064,0.32510122644616213,0.4474473840292079,0.386274305237685,0.96875,0.9545454545454546,0.1247585526866913
49,tic-tac-toe,openml_repeat0_fold0_sample0,hyb_fpde_grid,ok,,67,67,27,689,173,96,2,0,0,0,0.9531115077658685,0.0063039700000047105,1.0000000000000002,-0.3757354846529081,1.0,-5.551115123125783e-17,0.9531115077658685,0.6280102813197064,0.32510122644616213,0.4474473840292079,0.386274305237685,0.96875,0.9545454545454546,0.1247585526866913
49,tic-tac-toe,openml_repeat0_fold0_sample0,shap,ok,,67,67,27,689,173,96,2,0,0,0,0.9531115077658685,0.03699381600000606,8.135593914504268,,,,0.9531115077658685,0.7038340817707571,0.24927742599511138,0.617065930490786,0.43317167824294867,0.96875,0.9545454545454546,0.1247585526866913
49,tic-tac-toe,openml_repeat0_fold0_sample0,lime,ok,,67,67,27,689,173,96,2,0,0,0,0.9531115077658685,0.010167754999997669,0.6896172427892392,,,,0.9531115077658685,0.8622966593873004,0.09081484837856812,0.23158934235685458,0.16120209536771135,0.96875,0.9545454545454546,0.1247585526866913
49,tic-tac-toe,openml_repeat0_fold0_sample0,aime,ok,,67,67,27,689,173,96,2,0,0,0,0.9531115077658685,0.00532098200000064,7.60062780414545,,,,0.9531115077658685,0.6280102813197064,0.32510122644616213,0.4474473840292079,0.386274305237685,0.96875,0.9545454545454546,0.1247585526866913
49,tic-tac-toe,openml_repeat0_fold0_sample0,diff_fpde,ok,,68,68,27,689,173,96,2,0,0,0,0.8809959146685213,0.004190557000001149,2.570407690842982,1.3825550188996676,,-8.881784197001252e-16,0.8809959146685213,0.3776233189152185,0.5033725957533028,0.6891490533513311,0.596260824552317,0.96875,0.9545454545454546,0.1247585526866913
49,tic-tac-toe,openml_repeat0_fold0_sample0,cos_fpde,ok,,68,68,27,689,173,96,2,0,0,0,0.8809959146685213,0.004141406000002235,1.6789600878043567,0.9578246639173091,,-2.220446049250313e-16,0.8809959146685213,0.3776233189152185,0.5033725957533028,0.6891490533513311,0.596260824552317,0.96875,0.9545454545454546,0.1247585526866913
49,tic-tac-toe,openml_repeat0_fold0_sample0,hyb_fpde_grid,ok,,68,68,27,689,173,96,2,0,0,0,0.8809959146685213,0.006308998999998039,1.0,0.5378738259401371,1.0,1.1102230246251565e-16,0.8809959146685213,0.3776233189152185,0.5033725957533028,0.6891490533513311,0.596260824552317,0.96875,0.9545454545454546,0.1247585526866913
49,tic-tac-toe,openml_repeat0_fold0_sample0,shap,ok,,68,68,27,689,173,96,2,0,0,0,0.8809959146685213,0.03686405199999854,7.796890225904367,,,,0.8809959146685213,0.8523371724385178,0.02865874223000353,0.20403542725893065,0.11634708474446709,0.96875,0.9545454545454546,0.1247585526866913
49,tic-tac-toe,openml_repeat0_fold0_sample0,lime,ok,,68,68,27,689,173,96,2,0,0,0,0.8809959146685213,0.010262351999998032,0.6757484629299081,,,,0.8809959146685213,0.8442972928911873,0.03669862177733407,0.16784979813480463,0.10227420995606935,0.96875,0.9545454545454546,0.1247585526866913
49,tic-tac-toe,openml_repeat0_fold0_sample0,aime,ok,,68,68,27,689,173,96,2,0,0,0,0.8809959146685213,0.005380853000005459,6.0152487739573175,,,,0.8809959146685213,0.3776233189152185,0.5033725957533028,0.6891490533513311,0.596260824552317,0.96875,0.9545454545454546,0.1247585526866913
49,tic-tac-toe,openml_repeat0_fold0_sample0,diff_fpde,ok,,69,69,27,689,173,96,2,0,0,0,0.9511895143537188,0.004144420999992349,2.5860153669025316,-0.3139210387479384,,-5.551115123125783e-16,0.9511895143537188,0.826763692220386,0.12442582213333275,0.7317448323579159,0.4280853272456243,0.96875,0.9545454545454546,0.1247585526866913
49,tic-tac-toe,openml_repeat0_fold0_sample0,cos_fpde,ok,,69,69,27,689,173,96,2,0,0,0,0.9511895143537188,0.004216344999989019,1.6088046890914858,-0.11304761053965984,,-2.7755575615628914e-17,0.9511895143537188,0.826763692220386,0.12442582213333275,0.7317448323579159,0.4280853272456243,0.96875,0.9545454545454546,0.1247585526866913
49,tic-tac-toe,openml_repeat0_fold0_sample0,hyb_fpde_grid,ok,,69,69,27,689,173,96,2,0,0,0,0.9511895143537188,0.006373308999997107,1.0,-0.12139179169841727,1.0,6.938893903907228e-17,0.9511895143537188,0.826763692220386,0.12442582213333275,0.7317448323579159,0.4280853272456243,0.96875,0.9545454545454546,0.1247585526866913
49,tic-tac-toe,openml_repeat0_fold0_sample0,shap,ok,,69,69,27,689,173,96,2,0,0,0,0.9511895143537188,0.03729535900001224,8.610703730673455,,,,0.9511895143537188,0.8151807796029774,0.13600873475074138,0.9098902820964951,0.5229495084236182,0.96875,0.9545454545454546,0.1247585526866913
49,tic-tac-toe,openml_repeat0_fold0_sample0,lime,ok,,69,69,27,689,173,96,2,0,0,0,0.9511895143537188,0.01017355599999803,0.7414082223858596,,,,0.9511895143537188,0.86593725706774,0.08525225728597874,0.23918682117398,0.16221953922997936,0.96875,0.9545454545454546,0.1247585526866913
49,tic-tac-toe,openml_repeat0_fold0_sample0,aime,ok,,69,69,27,689,173,96,2,0,0,0,0.9511895143537188,0.005345957000002954,7.964172149926643,,,,0.9511895143537188,0.8281650703818819,0.12302444397183687,0.7313943325465855,0.4272093882592112,0.96875,0.9545454545454546,0.1247585526866913
49,tic-tac-toe,openml_repeat0_fold0_sample0,diff_fpde,ok,,70,70,27,689,173,96,2,0,0,0,0.8457004619329367,0.004102300999988984,2.4882958930803385,-0.16844451620028592,,-6.938893903907228e-16,0.8457004619329367,0.4303637162049839,0.41533674572795276,0.6187766489353758,0.5170566973316643,0.96875,0.9545454545454546,0.1247585526866913
49,tic-tac-toe,openml_repeat0_fold0_sample0,cos_fpde,ok,,70,70,27,689,173,96,2,0,0,0,0.8457004619329367,0.004155461999999943,1.517178485932252,-0.019477853263077896,,-2.7755575615628914e-17,0.8457004619329367,0.4303637162049839,0.41533674572795276,0.6187766489353758,0.5170566973316643,0.96875,0.9545454545454546,0.1247585526866913
49,tic-tac-toe,openml_repeat0_fold0_sample0,hyb_fpde_grid,ok,,70,70,27,689,173,96,2,0,0,0,0.8457004619329367,0.0063404570000074045,0.9999999999999997,-0.06769472901864704,1.0,2.7755575615628914e-17,0.8457004619329367,0.4303637162049839,0.41533674572795276,0.6187766489353758,0.5170566973316643,0.96875,0.9545454545454546,0.1247585526866913
49,tic-tac-toe,openml_repeat0_fold0_sample0,shap,ok,,70,70,27,689,173,96,2,0,0,0,0.8457004619329367,0.03718353000000718,8.021681006094738,,,,0.8457004619329367,0.804224383460044,0.0414760784728927,0.221854084647292,0.13166508156009235,0.96875,0.9545454545454546,0.1247585526866913
49,tic-tac-toe,openml_repeat0_fold0_sample0,lime,ok,,70,70,27,689,173,96,2,0,0,0,0.8457004619329367,0.010158789000001889,0.6196231396982016,,,,0.8457004619329367,0.6631258945145019,0.1825745674184348,0.21788997764273438,0.2002322725305846,0.96875,0.9545454545454546,0.1247585526866913
49,tic-tac-toe,openml_repeat0_fold0_sample0,aime,ok,,70,70,27,689,173,96,2,0,0,0,0.8457004619329367,0.005312795999998343,5.725474729696581,,,,0.8457004619329367,0.4303637162049839,0.41533674572795276,0.6187766489353758,0.5170566973316643,0.96875,0.9545454545454546,0.1247585526866913
49,tic-tac-toe,openml_repeat0_fold0_sample0,diff_fpde,ok,,71,71,27,689,173,96,2,0,0,0,0.9693884652328906,0.004078207000006273,2.4817965862806726,0.3819413508383005,,-1.3322676295501878e-15,0.9693884652328906,0.8122566248656721,0.1571318403672185,0.7644845934343607,0.4608082169007896,0.96875,0.9545454545454546,0.1247585526866913
49,tic-tac-toe,openml_repeat0_fold0_sample0,cos_fpde,ok,,71,71,27,689,173,96,2,0,0,0,0.9693884652328906,0.004135414000003834,1.4831038286178952,0.30835942624461843,,0.0,0.9693884652328906,0.8122566248656721,0.1571318403672185,0.7644845934343607,0.4608082169007896,0.96875,0.9545454545454546,0.1247585526866913
49,tic-tac-toe,openml_repeat0_fold0_sample0,hyb_fpde_grid,ok,,71,71,27,689,173,96,2,0,0,0,0.9693884652328906,0.006336158999999952,0.9999999999999999,0.15389712152465107,1.0,1.3877787807814457e-16,0.9693884652328906,0.8122566248656721,0.1571318403672185,0.7644845934343607,0.4608082169007896,0.96875,0.9545454545454546,0.1247585526866913
49,tic-tac-toe,openml_repeat0_fold0_sample0,shap,ok,,71,71,27,689,173,96,2,0,0,0,0.9693884652328906,0.03698754300000928,8.48773309604304,,,,0.9693884652328906,0.8479581570944421,0.12143030813844846,0.9138979152063882,0.5176641116724183,0.96875,0.9545454545454546,0.1247585526866913
49,tic-tac-toe,openml_repeat0_fold0_sample0,lime,ok,,71,71,27,689,173,96,2,0,0,0,0.9693884652328906,0.010149091000002386,0.7197048190231149,,,,0.9693884652328906,0.8614864288603028,0.10790203637258777,0.2068883348391172,0.15739518560585247,0.96875,0.9545454545454546,0.1247585526866913
49,tic-tac-toe,openml_repeat0_fold0_sample0,aime,ok,,71,71,27,689,173,96,2,0,0,0,0.9693884652328906,0.005325751000000878,9.166445792111302,,,,0.9693884652328906,0.8122566248656721,0.1571318403672185,0.7644845934343607,0.4608082169007896,0.96875,0.9545454545454546,0.1247585526866913
49,tic-tac-toe,openml_repeat0_fold0_sample0,diff_fpde,ok,,72,72,27,689,173,96,2,0,0,0,0.9775110874057106,0.004084108000000697,2.489400237096862,0.2783988124840471,,-2.220446049250313e-16,0.9775110874057106,0.8258534783607872,0.15165760904492342,0.8039912471986217,0.47782442812177256,0.96875,0.9545454545454546,0.1247585526866913
49,tic-tac-toe,openml_repeat0_fold0_sample0,cos_fpde,ok,,72,72,27,689,173,96,2,0,0,0,0.9775110874057106,0.004183603999990737,1.4864915398816274,0.2470620249399284,,5.551115123125783e-17,0.9775110874057106,0.8258534783607872,0.15165760904492342,0.8039912471986217,0.47782442812177256,0.96875,0.9545454545454546,0.1247585526866913
49,tic-tac-toe,openml_repeat0_fold0_sample0,hyb_fpde_grid,ok,,72,72,27,689,173,96,2,0,0,0,0.9775110874057106,0.00638075300000196,1.0,0.11183368922978636,1.0,-5.551115123125783e-17,0.9775110874057106,0.8258534783607872,0.15165760904492342,0.8039912471986217,0.47782442812177256,0.96875,0.9545454545454546,0.1247585526866913
49,tic-tac-toe,openml_repeat0_fold0_sample0,shap,ok,,72,72,27,689,173,96,2,0,0,0,0.9775110874057106,0.03740091699999937,8.672483033807763,,,,0.9775110874057106,0.8574434953354201,0.1200675920702905,0.9089934288405563,0.5145305104554234,0.96875,0.9545454545454546,0.1247585526866913
49,tic-tac-toe,openml_repeat0_fold0_sample0,lime,ok,,72,72,27,689,173,96,2,0,0,0,0.9775110874057106,0.010193643999997448,0.6357049723305298,,,,0.9775110874057106,0.8437605083633879,0.13375057904232268,0.18999336686823604,0.16187197295527936,0.96875,0.9545454545454546,0.1247585526866913
49,tic-tac-toe,openml_repeat0_fold0_sample0,aime,ok,,72,72,27,689,173,96,2,0,0,0,0.9775110874057106,0.005362137999995298,9.17104468680597,,,,0.9775110874057106,0.8259500728303036,0.15156101457540694,0.790395925146873,0.47097846986113995,0.96875,0.9545454545454546,0.1247585526866913
49,tic-tac-toe,openml_repeat0_fold0_sample0,diff_fpde,ok,,73,73,27,689,173,96,2,0,0,0,0.7722589889648821,0.004108913999999686,2.558002162444419,0.4598028106244469,,-1.3877787807814457e-15,0.7722589889648821,0.29216564352455976,0.48009334544032234,0.6180544724096286,0.5490739089249754,0.96875,0.9545454545454546,0.1247585526866913
49,tic-tac-toe,openml_repeat0_fold0_sample0,cos_fpde,ok,,73,73,27,689,173,96,2,0,0,0,0.7722589889648821,0.0041578160000028674,1.6605888432258589,0.37835987096608736,,1.1102230246251565e-16,0.7722589889648821,0.29216564352455976,0.48009334544032234,0.6180544724096286,0.5490739089249754,0.96875,0.9545454545454546,0.1247585526866913
49,tic-tac-toe,openml_repeat0_fold0_sample0,hyb_fpde_grid,ok,,73,73,27,689,173,96,2,0,0,0,0.7722589889648821,0.006360565000008478,0.9999999999999999,0.17975075133832594,1.0,-5.551115123125783e-17,0.7722589889648821,0.29216564352455976,0.48009334544032234,0.6180544724096286,0.5490739089249754,0.96875,0.9545454545454546,0.1247585526866913
49,tic-tac-toe,openml_repeat0_fold0_sample0,shap,ok,,73,73,27,689,173,96,2,0,0,0,0.7722589889648821,0.03712631300000169,8.228302040354556,,,,0.7722589889648821,0.7930254954105922,-0.020766506445710098,0.1753627012924039,0.0772980974233469,0.96875,0.9545454545454546,0.1247585526866913
49,tic-tac-toe,openml_repeat0_fold0_sample0,lime,ok,,73,73,27,689,173,96,2,0,0,0,0.7722589889648821,0.010175610999993978,0.7264768471308956,,,,0.7722589889648821,0.7840190939155841,-0.01176010495070201,0.14744744037818688,0.06784366771374244,0.96875,0.9545454545454546,0.1247585526866913
49,tic-tac-toe,openml_repeat0_fold0_sample0,aime,ok,,73,73,27,689,173,96,2,0,0,0,0.7722589889648821,0.005370944000006261,5.925040608566643,,,,0.7722589889648821,0.3162754795786558,0.4559835093862263,0.5900883327338109,0.5230359210600186,0.96875,0.9545454545454546,0.1247585526866913
49,tic-tac-toe,openml_repeat0_fold0_sample0,diff_fpde,ok,,74,74,27,689,173,96,2,0,0,0,0.7485555119664108,0.004100498000013886,2.5803879665453517,1.1841914670633125,,-2.220446049250313e-16,0.7485555119664108,0.382384797323412,0.3661707146429988,0.4384668085530049,0.40231876159800184,0.96875,0.9545454545454546,0.1247585526866913
49,tic-tac-toe,openml_repeat0_fold0_sample0,cos_fpde,ok,,74,74,27,689,173,96,2,0,0,0,0.7485555119664108,0.004192550999988498,1.739884973719731,0.8629044129836865,,2.220446049250313e-16,0.7485555119664108,0.382384797323412,0.3661707146429988,0.4384668085530049,0.40231876159800184,0.96875,0.9545454545454546,0.1247585526866913
49,tic-tac-toe,openml_repeat0_fold0_sample0,hyb_fpde_grid,ok,,74,74,27,689,173,96,2,0,0,0,0.7485555119664108,0.006356767999989188,1.0,0.458919930807428,1.0,5.551115123125783e-17,0.7485555119664108,0.382384797323412,0.3661707146429988,0.4384668085530049,0.40231876159800184,0.96875,0.9545454545454546,0.1247585526866913
49,tic-tac-toe,openml_repeat0_fold0_sample0,shap,ok,,74,74,27,689,173,96,2,0,0,0,0.7485555119664108,0.03774771500000895,7.616185822585822,,,,0.7485555119664108,0.7790109085681154,-0.0304553966017046,0.1606394073911363,0.06509200539471585,0.96875,0.9545454545454546,0.1247585526866913
49,tic-tac-toe,openml_repeat0_fold0_sample0,lime,ok,,74,74,27,689,173,96,2,0,0,0,0.7485555119664108,0.010221485000002417,0.6722793472956939,,,,0.7485555119664108,0.591885307851717,0.1566702041146938,0.20535529361724705,0.1810127488659704,0.96875,0.9545454545454546,0.1247585526866913
49,tic-tac-toe,openml_repeat0_fold0_sample0,aime,ok,,74,74,27,689,173,96,2,0,0,0,0.7485555119664108,0.005342131000006134,5.986904865589265,,,,0.7485555119664108,0.382384797323412,0.3661707146429988,0.4384668085530049,0.40231876159800184,0.96875,0.9545454545454546,0.1247585526866913
49,tic-tac-toe,openml_repeat0_fold0_sample0,diff_fpde,ok,,75,75,27,689,173,96,2,0,0,0,0.6974991398782326,0.004119102999993629,2.5351936502131815,0.03073725971789182,,-9.43689570931383e-16,0.6974991398782326,0.4753069311112505,0.22219220876698215,0.5383952243026114,0.3802937165347968,0.96875,0.9545454545454546,0.1247585526866913
49,tic-tac-toe,openml_repeat0_fold0_sample0,cos_fpde,ok,,75,75,27,689,173,96,2,0,0,0,0.6974991398782326,0.004153798000004372,1.6510189193708054,0.10692254028745035,,-4.163336342344337e-17,0.6974991398782326,0.4753069311112505,0.22219220876698215,0.5383952243026114,0.3802937165347968,0.96875,0.9545454545454546,0.1247585526866913
49,tic-tac-toe,openml_repeat0_fold0_sample0,hyb_fpde_grid,ok,,75,75,27,689,173,96,2,0,0,0,0.6974991398782326,0.006318887000006157,1.0000000000000002,0.012124225585413241,1.0,1.0408340855860843e-17,0.6974991398782326,0.4753069311112505,0.22219220876698215,0.5383952243026114,0.3802937165347968,0.96875,0.9545454545454546,0.1247585526866913
49,tic-tac-toe,openml_repeat0_fold0_sample0,shap,ok,,75,75,27,689,173,96,2,0,0,0,0.6974991398782326,0.03729609999999184,7.112901997506864,,,,0.6974991398782326,0.7835818384525144,-0.08608269857428175,0.19511548924106334,0.054516395333390796,0.96875,0.9545454545454546,0.1247585526866913
49,tic-tac-toe,openml_repeat0_fold0_sample0,lime,ok,,75,75,27,689,173,96,2,0,0,0,0.6974991398782326,0.010171643000006725,0.6876192508146554,,,,0.6974991398782326,0.778728767107207,-0.08122962722897431,0.18938106567128143,0.05407571922115356,0.96875,0.9545454545454546,0.1247585526866913
49,tic-tac-toe,openml_repeat0_fold0_sample0,aime,ok,,75,75,27,689,173,96,2,0,0,0,0.6974991398782326,0.005351248000010855,5.8004417885652995,,,,0.6974991398782326,0.4753069311112505,0.22219220876698215,0.5383952243026114,0.3802937165347968,0.96875,0.9545454545454546,0.1247585526866913
49,tic-tac-toe,openml_repeat0_fold0_sample0,diff_fpde,ok,,76,76,27,689,173,96,2,0,0,0,0.7723103327751506,0.004101450999996814,2.5985340757037094,0.011918105835976328,,-1.5265566588595902e-15,0.7723103327751506,0.7359932233471012,0.03631710942804944,0.7011104334826386,0.368713771455344,0.96875,0.9545454545454546,0.1247585526866913
49,tic-tac-toe,openml_repeat0_fold0_sample0,cos_fpde,ok,,76,76,27,689,173,96,2,0,0,0,0.7723103327751506,0.004152296000000888,1.6403440979789072,0.09511188370034915,,5.551115123125783e-17,0.7723103327751506,0.7359932233471012,0.03631710942804944,0.7011104334826386,0.368713771455344,0.96875,0.9545454545454546,0.1247585526866913
49,tic-tac-toe,openml_repeat0_fold0_sample0,hyb_fpde_grid,ok,,76,76,27,689,173,96,2,0,0,0,0.7723103327751506,0.006335749000001556,1.0000000000000002,0.00458647279149068,1.0,4.5102810375396984e-17,0.7723103327751506,0.7359932233471012,0.03631710942804944,0.7011104334826386,0.368713771455344,0.96875,0.9545454545454546,0.1247585526866913
49,tic-tac-toe,openml_repeat0_fold0_sample0,shap,ok,,76,76,27,689,173,96,2,0,0,0,0.7723103327751506,0.0372963709999965,7.631547924108776,,,,0.7723103327751506,0.8391922887038411,-0.0668819559286905,0.7360273155994332,0.33457267983537137,0.96875,0.9545454545454546,0.1247585526866913
49,tic-tac-toe,openml_repeat0_fold0_sample0,lime,ok,,76,76,27,689,173,96,2,0,0,0,0.7723103327751506,0.010176451999996061,0.6909589104487991,,,,0.7723103327751506,0.7757244103295725,-0.0034140775544219126,0.153333699530452,0.07495981098801505,0.96875,0.9545454545454546,0.1247585526866913
49,tic-tac-toe,openml_repeat0_fold0_sample0,aime,ok,,76,76,27,689,173,96,2,0,0,0,0.7723103327751506,0.005309940000003621,7.98120656201508,,,,0.7723103327751506,0.7368779918769406,0.03543234089821001,0.7048546441347857,0.37014349251649786,0.96875,0.9545454545454546,0.1247585526866913
49,tic-tac-toe,openml_repeat0_fold0_sample0,diff_fpde,ok,,77,77,27,689,173,96,2,0,0,0,0.9319156888225046,0.004083626999999979,2.561332568744582,1.418631262507292,,-6.661338147750939e-16,0.9319156888225046,0.5094262852702034,0.42248940355230125,0.7000791566054889,0.5612842800788951,0.96875,0.9545454545454546,0.1247585526866913
49,tic-tac-toe,openml_repeat0_fold0_sample0,cos_fpde,ok,,77,77,27,689,173,96,2,0,0,0,0.9319156888225046,0.004181169999995404,1.6691088262200136,0.9778231768994011,,-1.1102230246251565e-16,0.9319156888225046,0.5094262852702034,0.42248940355230125,0.7000791566054889,0.5612842800788951,0.96875,0.9545454545454546,0.1247585526866913
49,tic-tac-toe,openml_repeat0_fold0_sample0,hyb_fpde_grid,ok,,77,77,27,689,173,96,2,0,0,0,0.9319156888225046,0.0063276540000032355,1.0,0.5538645312282207,1.0,0.0,0.9319156888225046,0.5094262852702034,0.42248940355230125,0.7000791566054889,0.5612842800788951,0.96875,0.9545454545454546,0.1247585526866913
49,tic-tac-toe,openml_repeat0_fold0_sample0,shap,ok,,77,77,27,689,173,96,2,0,0,0,0.9319156888225046,0.03709438300001011,8.161429188802611,,,,0.9319156888225046,0.862810899440647,0.0691047893818576,0.18604097831801159,0.1275728838499346,0.96875,0.9545454545454546,0.1247585526866913
49,tic-tac-toe,openml_repeat0_fold0_sample0,lime,ok,,77,77,27,689,173,96,2,0,0,0,0.9319156888225046,0.010136037000009424,0.7005392093042818,,,,0.9319156888225046,0.8413287321031999,0.09058695671930472,0.16751296842638153,0.12904996257284312,0.96875,0.9545454545454546,0.1247585526866913
49,tic-tac-toe,openml_repeat0_fold0_sample0,aime,ok,,77,77,27,689,173,96,2,0,0,0,0.9319156888225046,0.005346419000005653,5.984875683022667,,,,0.9319156888225046,0.5094262852702034,0.42248940355230125,0.7000791566054889,0.5612842800788951,0.96875,0.9545454545454546,0.1247585526866913
49,tic-tac-toe,openml_repeat0_fold0_sample0,diff_fpde,ok,,78,78,27,689,173,96,2,0,0,0,0.9644064957457155,0.004103584999995746,2.5954269953689386,-0.45121532047736634,,-4.440892098500626e-16,0.9644064957457155,0.6947811699830789,0.26962532576263654,0.7699120487325029,0.5197686872475697,0.96875,0.9545454545454546,0.1247585526866913
49,tic-tac-toe,openml_repeat0_fold0_sample0,cos_fpde,ok,,78,78,27,689,173,96,2,0,0,0,0.9644064957457155,0.004159108999999717,1.60011263836042,-0.19922877487981727,,-1.1102230246251565e-16,0.9644064957457155,0.6947811699830789,0.26962532576263654,0.7699120487325029,0.5197686872475697,0.96875,0.9545454545454546,0.1247585526866913
49,tic-tac-toe,openml_repeat0_fold0_sample0,hyb_fpde_grid,ok,,78,78,27,689,173,96,2,0,0,0,0.9644064957457155,0.006296766999994929,1.0,-0.1738501299718609,1.0,0.0,0.9644064957457155,0.6947811699830789,0.26962532576263654,0.7699120487325029,0.5197686872475697,0.96875,0.9545454545454546,0.1247585526866913
49,tic-tac-toe,openml_repeat0_fold0_sample0,shap,ok,,78,78,27,689,173,96,2,0,0,0,0.9644064957457155,0.037139668000008896,8.623806092269263,,,,0.9644064957457155,0.8617523866362191,0.10265410910949635,0.7874377467470236,0.44504592792826,0.96875,0.9545454545454546,0.1247585526866913
49,tic-tac-toe,openml_repeat0_fold0_sample0,lime,ok,,78,78,27,689,173,96,2,0,0,0,0.9644064957457155,0.010145855000004644,0.7285693552588913,,,,0.9644064957457155,0.8655250509755136,0.09888144477020189,0.21236690650075024,0.15562417563547606,0.96875,0.9545454545454546,0.1247585526866913
49,tic-tac-toe,openml_repeat0_fold0_sample0,aime,ok,,78,78,27,689,173,96,2,0,0,0,0.9644064957457155,0.00531017099999076,7.984297343738984,,,,0.9644064957457155,0.6876265587033807,0.2767799370423347,0.766887142104979,0.5218335395736569,0.96875,0.9545454545454546,0.1247585526866913
49,tic-tac-toe,openml_repeat0_fold0_sample0,diff_fpde,ok,,79,79,27,689,173,96,2,0,0,0,0.963093990071798,0.004082514999993236,2.5444249190747557,0.9137684080210066,,1.1102230246251565e-16,0.963093990071798,0.29729516142977114,0.6657988286420269,0.7984159599884472,0.732107394315237,0.96875,0.9545454545454546,0.1247585526866913
49,tic-tac-toe,openml_repeat0_fold0_sample0,cos_fpde,ok,,79,79,27,689,173,96,2,0,0,0,0.963093990071798,0.0041602609999955575,1.6804775128244478,0.6740144986257086,,0.0,0.963093990071798,0.29729516142977114,0.6657988286420269,0.7984159599884472,0.732107394315237,0.96875,0.9545454545454546,0.1247585526866913
49,tic-tac-toe,openml_repeat0_fold0_sample0,hyb_fpde_grid,ok,,79,79,27,689,173,96,2,0,0,0,0.963093990071798,0.006382275999996523,1.0000000000000002,0.35912571094975976,1.0,0.0,0.963093990071798,0.29729516142977114,0.6657988286420269,0.7984159599884472,0.732107394315237,0.96875,0.9545454545454546,0.1247585526866913
49,tic-tac-toe,openml_repeat0_fold0_sample0,shap,ok,,79,79,27,689,173,96,2,0,0,0,0.963093990071798,0.03738267200000678,8.4787524856778,,,,0.963093990071798,0.8731334347946766,0.08996055527712132,0.18112168780143825,0.13554112153927977,0.96875,0.9545454545454546,0.1247585526866913
49,tic-tac-toe,openml_repeat0_fold0_sample0,lime,ok,,79,79,27,689,173,96,2,0,0,0,0.963093990071798,0.010173296000004939,0.6803982533286355,,,,0.963093990071798,0.8586942181699135,0.10439977190188443,0.19292468417457326,0.14866222803822884,0.96875,0.9545454545454546,0.1247585526866913
49,tic-tac-toe,openml_repeat0_fold0_sample0,aime,ok,,79,79,27,689,173,96,2,0,0,0,0.963093990071798,0.005340909000011607,5.873223773501952,,,,0.963093990071798,0.32133852026209736,0.6417554698097006,0.7983145884287904,0.7200350291192454,0.96875,0.9545454545454546,0.1247585526866913
49,tic-tac-toe,openml_repeat0_fold0_sample0,diff_fpde,ok,,80,80,27,689,173,96,2,0,1,1,0.9077021414953264,0.0040786779999990586,2.586969564673302,0.5266593000217645,,1.1102230246251565e-15,0.9077021414953264,0.5926565936847006,0.31504554781062577,0.26387387343989577,0.28945971062526077,0.96875,0.9545454545454546,0.1247585526866913
49,tic-tac-toe,openml_repeat0_fold0_sample0,cos_fpde,ok,,80,80,27,689,173,96,2,0,1,1,0.9077021414953264,0.004141314999998258,1.6654935647517815,0.25807172546414053,,-5.551115123125783e-17,0.9077021414953264,0.614948816409771,0.2927533250855554,0.2542403775136515,0.27349685129960344,0.96875,0.9545454545454546,0.1247585526866913
49,tic-tac-toe,openml_repeat0_fold0_sample0,hyb_fpde_grid,ok,,80,80,27,689,173,96,2,0,1,1,0.9077021414953264,0.006328646000000049,1.0000000000000002,0.2035815601442046,1.0,2.7755575615628914e-17,0.9077021414953264,0.5926565936847006,0.31504554781062577,0.26387387343989577,0.28945971062526077,0.96875,0.9545454545454546,0.1247585526866913
49,tic-tac-toe,openml_repeat0_fold0_sample0,shap,ok,,80,80,27,689,173,96,2,0,1,1,0.9077021414953264,0.0370668620000032,7.303916865730024,,,,0.9077021414953264,0.242811018728104,0.6648911227672223,0.8792171971626426,0.7720541599649324,0.96875,0.9545454545454546,0.1247585526866913
49,tic-tac-toe,openml_repeat0_fold0_sample0,lime,ok,,80,80,27,689,173,96,2,0,1,1,0.9077021414953264,0.01011892399999681,0.7541152085923493,,,,0.9077021414953264,0.9010131598050867,0.0066889816902396815,0.16528632785769762,0.08598765477396865,0.96875,0.9545454545454546,0.1247585526866913
49,tic-tac-toe,openml_repeat0_fold0_sample0,aime,ok,,80,80,27,689,173,96,2,0,1,1,0.9077021414953264,0.005310422000007975,7.901325197482562,,,,0.9077021414953264,0.6417180110044141,0.2659841304909123,0.24758146644678886,0.25678279846885055,0.96875,0.9545454545454546,0.1247585526866913
49,tic-tac-toe,openml_repeat0_fold0_sample0,diff_fpde,ok,,81,81,27,689,173,96,2,0,0,0,0.7444619011118829,0.004117681000010975,2.585053457540101,-0.34843521819935636,,-6.106226635438361e-16,0.7444619011118829,0.6243953585188919,0.12006654259299099,0.6317171570038738,0.3758918497984324,0.96875,0.9545454545454546,0.1247585526866913
49,tic-tac-toe,openml_repeat0_fold0_sample0,cos_fpde,ok,,81,81,27,689,173,96,2,0,0,0,0.7444619011118829,0.004145953999994845,1.6078561405752716,-0.13505623189822988,,2.7755575615628914e-17,0.7444619011118829,0.6243953585188919,0.12006654259299099,0.6317171570038738,0.3758918497984324,0.96875,0.9545454545454546,0.1247585526866913
49,tic-tac-toe,openml_repeat0_fold0_sample0,hyb_fpde_grid,ok,,81,81,27,689,173,96,2,0,0,0,0.7444619011118829,0.006307425999992233,1.0000000000000002,-0.13478839951376553,1.0,1.1102230246251565e-16,0.7444619011118829,0.6243953585188919,0.12006654259299099,0.6317171570038738,0.3758918497984324,0.96875,0.9545454545454546,0.1247585526866913
49,tic-tac-toe,openml_repeat0_fold0_sample0,shap,ok,,81,81,27,689,173,96,2,0,0,0,0.7444619011118829,0.037129089000004,8.117788136499941,,,,0.7444619011118829,0.8077638813931134,-0.06330198028123046,0.6031236915492463,0.2699108556340079,0.96875,0.9545454545454546,0.1247585526866913
49,tic-tac-toe,openml_repeat0_fold0_sample0,lime,ok,,81,81,27,689,173,96,2,0,0,0,0.7444619011118829,0.010216065999998136,0.667854855800313,,,,0.7444619011118829,0.8535798834539151,-0.10911798234203218,0.16235151004989423,0.026616763853931025,0.96875,0.9545454545454546,0.1247585526866913
49,tic-tac-toe,openml_repeat0_fold0_sample0,aime,ok,,81,81,27,689,173,96,2,0,0,0,0.7444619011118829,0.005373859999991737,7.96562454878968,,,,0.7444619011118829,0.6175720579709967,0.12688984314088625,0.625036037939948,0.3759629405404171,0.96875,0.9545454545454546,0.1247585526866913
49,tic-tac-toe,openml_repeat0_fold0_sample0,diff_fpde,ok,,82,82,27,689,173,96,2,0,1,1,0.5190536716831724,0.004139562000005981,2.5874248222908225,-0.10841275948544149,,5.551115123125783e-16,0.5190536716831724,0.3264606340126518,0.1925930376705206,0.2754213363718765,0.23400718702119855,0.96875,0.9545454545454546,0.1247585526866913
49,tic-tac-toe,openml_repeat0_fold0_sample0,cos_fpde,ok,,82,82,27,689,173,96,2,0,1,1,0.5190536716831724,0.004195186000004014,1.6415112948414832,-0.15754936324895952,,-5.551115123125783e-17,0.5190536716831724,0.3264606340126518,0.1925930376705206,0.2754213363718765,0.23400718702119855,0.96875,0.9545454545454546,0.1247585526866913
49,tic-tac-toe,openml_repeat0_fold0_sample0,hyb_fpde_grid,ok,,82,82,27,689,173,96,2,0,1,1,0.5190536716831724,0.00645140499999286,1.0000000000000002,-0.04189986837548239,1.0,4.85722573273506e-17,0.5190536716831724,0.3264606340126518,0.1925930376705206,0.2754213363718765,0.23400718702119855,0.96875,0.9545454545454546,0.1247585526866913
49,tic-tac-toe,openml_repeat0_fold0_sample0,shap,ok,,82,82,27,689,173,96,2,0,1,1,0.5190536716831724,0.03825911200000576,7.273383836305477,,,,0.5190536716831724,0.2222052969654953,0.2968483747176771,0.47313024466383463,0.38498930969075584,0.96875,0.9545454545454546,0.1247585526866913
49,tic-tac-toe,openml_repeat0_fold0_sample0,lime,ok,,82,82,27,689,173,96,2,0,1,1,0.5190536716831724,0.010396252999996136,0.7059091425478979,,,,0.5190536716831724,0.7915450858802837,-0.2724914141971113,0.11575581304485788,-0.07836780057612672,0.96875,0.9545454545454546,0.1247585526866913
49,tic-tac-toe,openml_repeat0_fold0_sample0,aime,ok,,82,82,27,689,173,96,2,0,1,1,0.5190536716831724,0.005415478999992729,7.961578464875579,,,,0.5190536716831724,0.3264606340126518,0.1925930376705206,0.2754213363718765,0.23400718702119855,0.96875,0.9545454545454546,0.1247585526866913
49,tic-tac-toe,openml_repeat0_fold0_sample0,diff_fpde,ok,,83,83,27,689,173,96,2,0,0,0,0.971301146897553,0.004124844000003236,2.5038638210720547,0.29197389384155503,,8.881784197001252e-16,0.971301146897553,0.4799318713939764,0.49136927550357656,0.8126089100615653,0.6519890927825709,0.96875,0.9545454545454546,0.1247585526866913
49,tic-tac-toe,openml_repeat0_fold0_sample0,cos_fpde,ok,,83,83,27,689,173,96,2,0,0,0,0.971301146897553,0.0041788050000093335,1.512789662460437,0.25347522137988476,,0.0,0.971301146897553,0.4799318713939764,0.49136927550357656,0.8126089100615653,0.6519890927825709,0.96875,0.9545454545454546,0.1247585526866913
49,tic-tac-toe,openml_repeat0_fold0_sample0,hyb_fpde_grid,ok,,83,83,27,689,173,96,2,0,0,0,0.971301146897553,0.006348052000006987,0.9999999999999996,0.11660933449509385,1.0,0.0,0.971301146897553,0.4799318713939764,0.49136927550357656,0.8126089100615653,0.6519890927825709,0.96875,0.9545454545454546,0.1247585526866913
49,tic-tac-toe,openml_repeat0_fold0_sample0,shap,ok,,83,83,27,689,173,96,2,0,0,0,0.971301146897553,0.03740983399998754,8.379089502821008,,,,0.971301146897553,0.8694908920623929,0.10181025483516004,0.26506061361263994,0.1834354342239,0.96875,0.9545454545454546,0.1247585526866913
49,tic-tac-toe,openml_repeat0_fold0_sample0,lime,ok,,83,83,27,689,173,96,2,0,0,0,0.971301146897553,0.010210315999998443,0.6462858873390893,,,,0.971301146897553,0.8565424787932641,0.11475866810428892,0.24315395351503016,0.17895631080965954,0.96875,0.9545454545454546,0.1247585526866913
49,tic-tac-toe,openml_repeat0_fold0_sample0,aime,ok,,83,83,27,689,173,96,2,0,0,0,0.971301146897553,0.005405479000003766,5.823231668346748,,,,0.971301146897553,0.4799318713939764,0.49136927550357656,0.8126089100615653,0.6519890927825709,0.96875,0.9545454545454546,0.1247585526866913
49,tic-tac-toe,openml_repeat0_fold0_sample0,diff_fpde,ok,,84,84,27,689,173,96,2,0,1,1,0.8972680271870075,0.004122640000005617,2.570843878178465,0.49839337719517207,,8.881784197001252e-16,0.8972680271870075,0.5662809708210828,0.33098705636592474,0.26259599004071715,0.2967915232033209,0.96875,0.9545454545454546,0.1247585526866913
49,tic-tac-toe,openml_repeat0_fold0_sample0,cos_fpde,ok,,84,84,27,689,173,96,2,0,1,1,0.8972680271870075,0.0041942539999979545,1.6722077733409138,0.24172067106347317,,-8.326672684688674e-17,0.8972680271870075,0.5662809708210828,0.33098705636592474,0.26259599004071715,0.2967915232033209,0.96875,0.9545454545454546,0.1247585526866913
49,tic-tac-toe,openml_repeat0_fold0_sample0,hyb_fpde_grid,ok,,84,84,27,689,173,96,2,0,1,1,0.8972680271870075,0.0063626789999915445,1.0,0.19386372755871184,1.0,2.7755575615628914e-17,0.8972680271870075,0.5662809708210828,0.33098705636592474,0.26259599004071715,0.2967915232033209,0.96875,0.9545454545454546,0.1247585526866913
49,tic-tac-toe,openml_repeat0_fold0_sample0,shap,ok,,84,84,27,689,173,96,2,0,1,1,0.8972680271870075,0.03769395500000883,7.493112395635566,,,,0.8972680271870075,0.27267738229180827,0.6245906448951992,0.9272380249833057,0.7759143349392524,0.96875,0.9545454545454546,0.1247585526866913
49,tic-tac-toe,openml_repeat0_fold0_sample0,lime,ok,,84,84,27,689,173,96,2,0,1,1,0.8972680271870075,0.010309320999994043,0.6889869799977548,,,,0.8972680271870075,0.8606166233873297,0.036651403799677795,0.16777695522321864,0.10221417951144822,0.96875,0.9545454545454546,0.1247585526866913
49,tic-tac-toe,openml_repeat0_fold0_sample0,aime,ok,,84,84,27,689,173,96,2,0,1,1,0.8972680271870075,0.005371594999999729,7.839212242557235,,,,0.8972680271870075,0.6183424330891105,0.27892559409789697,0.24528955371411879,0.26210757390600786,0.96875,0.9545454545454546,0.1247585526866913
49,tic-tac-toe,openml_repeat0_fold0_sample0,diff_fpde,ok,,85,85,27,689,173,96,2,0,0,0,0.8553097059546434,0.004113713999998936,2.5245125607952454,1.1957395842181242,,0.0,0.8553097059546434,0.5055234909828931,0.34978621497175033,0.6612928531148453,0.5055395340432978,0.96875,0.9545454545454546,0.1247585526866913
49,tic-tac-toe,openml_repeat0_fold0_sample0,cos_fpde,ok,,85,85,27,689,173,96,2,0,0,0,0.8553097059546434,0.004171892000002231,1.5845208588323305,0.8086566745941788,,0.0,0.8553097059546434,0.5055234909828931,0.34978621497175033,0.6612928531148453,0.5055395340432978,0.96875,0.9545454545454546,0.1247585526866913
49,tic-tac-toe,openml_repeat0_fold0_sample0,hyb_fpde_grid,ok,,85,85,27,689,173,96,2,0,0,0,0.8553097059546434,0.006332974000002878,0.9999999999999999,0.47365166756843347,1.0,0.0,0.8553097059546434,0.5055234909828931,0.34978621497175033,0.6612928531148453,0.5055395340432978,0.96875,0.9545454545454546,0.1247585526866913
49,tic-tac-toe,openml_repeat0_fold0_sample0,shap,ok,,85,85,27,689,173,96,2,0,0,0,0.8553097059546434,0.03730739200000244,8.206439169932812,,,,0.8553097059546434,0.8309005242776765,0.02440918167696693,0.2522129803920181,0.13831108103449252,0.96875,0.9545454545454546,0.1247585526866913
49,tic-tac-toe,openml_repeat0_fold0_sample0,lime,ok,,85,85,27,689,173,96,2,0,0,0,0.8553097059546434,0.01017198400001007,0.6460556480606818,,,,0.8553097059546434,0.7519582915807048,0.10335141437393858,0.2170987282315575,0.16022507130274805,0.96875,0.9545454545454546,0.1247585526866913
49,tic-tac-toe,openml_repeat0_fold0_sample0,aime,ok,,85,85,27,689,173,96,2,0,0,0,0.8553097059546434,0.005353192000001172,5.866194022950639,,,,0.8553097059546434,0.5055234909828931,0.34978621497175033,0.6612928531148453,0.5055395340432978,0.96875,0.9545454545454546,0.1247585526866913
49,tic-tac-toe,openml_repeat0_fold0_sample0,diff_fpde,ok,,86,86,27,689,173,96,2,0,0,0,0.9443419275794958,0.004099867000007862,2.5687619121721466,1.3341496260591283,,2.220446049250313e-16,0.9443419275794958,0.4937365335874447,0.4506053939920511,0.6983188412609675,0.5744621176265093,0.96875,0.9545454545454546,0.1247585526866913
49,tic-tac-toe,openml_repeat0_fold0_sample0,cos_fpde,ok,,86,86,27,689,173,96,2,0,0,0,0.9443419275794958,0.004143559000013397,1.6574614052293573,0.9176924216926153,,2.220446049250313e-16,0.9443419275794958,0.4937365335874447,0.4506053939920511,0.6983188412609675,0.5744621176265093,0.96875,0.9545454545454546,0.1247585526866913
49,tic-tac-toe,openml_repeat0_fold0_sample0,hyb_fpde_grid,ok,,86,86,27,689,173,96,2,0,0,0,0.9443419275794958,0.0063251500000092165,1.0000000000000002,0.5193745748631762,1.0,-1.1102230246251565e-16,0.9443419275794958,0.4937365335874447,0.4506053939920511,0.6983188412609675,0.5744621176265093,0.96875,0.9545454545454546,0.1247585526866913
49,tic-tac-toe,openml_repeat0_fold0_sample0,shap,ok,,86,86,27,689,173,96,2,0,0,0,0.9443419275794958,0.037603584999999384,7.802575087853087,,,,0.9443419275794958,0.8610030494878641,0.08333887809163165,0.21865556173795958,0.15099721991479562,0.96875,0.9545454545454546,0.1247585526866913
49,tic-tac-toe,openml_repeat0_fold0_sample0,lime,ok,,86,86,27,689,173,96,2,0,0,0,0.9443419275794958,0.010251040999989414,0.6828320155782052,,,,0.9443419275794958,0.8006723807238394,0.14366954685565636,0.19814417865419048,0.17090686275492342,0.96875,0.9545454545454546,0.1247585526866913
49,tic-tac-toe,openml_repeat0_fold0_sample0,aime,ok,,86,86,27,689,173,96,2,0,0,0,0.9443419275794958,0.005356968000000961,6.0001133134532445,,,,0.9443419275794958,0.4937365335874447,0.4506053939920511,0.6983188412609675,0.5744621176265093,0.96875,0.9545454545454546,0.1247585526866913
49,tic-tac-toe,openml_repeat0_fold0_sample0,diff_fpde,ok,,87,87,27,689,173,96,2,0,0,0,0.9539930421632511,0.004083026000003542,2.48233014681202,0.37985859863002536,,-6.661338147750939e-16,0.9539930421632511,0.8240938254636672,0.12989921669958393,0.7574910538246951,0.4436951352621395,0.96875,0.9545454545454546,0.1247585526866913
49,tic-tac-toe,openml_repeat0_fold0_sample0,cos_fpde,ok,,87,87,27,689,173,96,2,0,0,0,0.9539930421632511,0.004186689999997384,1.4877142007546162,0.3079652722530862,,-5.551115123125783e-17,0.9539930421632511,0.8240938254636672,0.12989921669958393,0.7574910538246951,0.4436951352621395,0.96875,0.9545454545454546,0.1247585526866913
49,tic-tac-toe,openml_repeat0_fold0_sample0,hyb_fpde_grid,ok,,87,87,27,689,173,96,2,0,0,0,0.9539930421632511,0.0063261110000070175,1.0,0.15302501124512635,1.0,5.551115123125783e-17,0.9539930421632511,0.8240938254636672,0.12989921669958393,0.7574910538246951,0.4436951352621395,0.96875,0.9545454545454546,0.1247585526866913
49,tic-tac-toe,openml_repeat0_fold0_sample0,shap,ok,,87,87,27,689,173,96,2,0,0,0,0.9539930421632511,0.037256958000000395,8.281228558650866,,,,0.9539930421632511,0.836444102186741,0.11754893997651006,0.9101345148268027,0.5138417274016565,0.96875,0.9545454545454546,0.1247585526866913
49,tic-tac-toe,openml_repeat0_fold0_sample0,lime,ok,,87,87,27,689,173,96,2,0,0,0,0.9539930421632511,0.010226475999999707,0.7060252602688991,,,,0.9539930421632511,0.8597693958310951,0.09422364633215596,0.18945177089060897,0.14183770861138245,0.96875,0.9545454545454546,0.1247585526866913
49,tic-tac-toe,openml_repeat0_fold0_sample0,aime,ok,,87,87,27,689,173,96,2,0,0,0,0.9539930421632511,0.005360684999999421,9.17783086020401,,,,0.9539930421632511,0.825495203625163,0.12849783853808805,0.756366470712807,0.44243215462544755,0.96875,0.9545454545454546,0.1247585526866913
49,tic-tac-toe,openml_repeat0_fold0_sample0,diff_fpde,ok,,88,88,27,689,173,96,2,0,0,0,0.9500551048758082,0.004112301000006369,2.5708304857719186,-0.7952785468836892,,-8.881784197001252e-16,0.9500551048758082,0.8093802121168554,0.14067489275895284,0.4462855779275272,0.29348023534324,0.96875,0.9545454545454546,0.1247585526866913
49,tic-tac-toe,openml_repeat0_fold0_sample0,cos_fpde,ok,,88,88,27,689,173,96,2,0,0,0,0.9500551048758082,0.0041900160000096776,1.6041083355136754,-0.4236744896267148,,-1.1102230246251565e-16,0.9500551048758082,0.8093802121168554,0.14067489275895284,0.4462855779275272,0.29348023534324,0.96875,0.9545454545454546,0.1247585526866913
49,tic-tac-toe,openml_repeat0_fold0_sample0,hyb_fpde_grid,ok,,88,88,27,689,173,96,2,0,0,0,0.9500551048758082,0.0063234559999898465,1.0,-0.30934694110914834,1.0,5.551115123125783e-17,0.9500551048758082,0.8093802121168554,0.14067489275895284,0.4462855779275272,0.29348023534324,0.96875,0.9545454545454546,0.1247585526866913
49,tic-tac-toe,openml_repeat0_fold0_sample0,shap,ok,,88,88,27,689,173,96,2,0,0,0,0.9500551048758082,0.0373051079999982,7.938949601230707,,,,0.9500551048758082,0.7426840377275633,0.20737106714824494,0.7547759538521166,0.48107351050018077,0.96875,0.9545454545454546,0.1247585526866913
49,tic-tac-toe,openml_repeat0_fold0_sample0,lime,ok,,88,88,27,689,173,96,2,0,0,0,0.9500551048758082,0.010213540999998827,0.6964643821039306,,,,0.9500551048758082,0.8526484493836346,0.09740665549217364,0.2031687313139104,0.15028769340304202,0.96875,0.9545454545454546,0.1247585526866913
49,tic-tac-toe,openml_repeat0_fold0_sample0,aime,ok,,88,88,27,689,173,96,2,0,0,0,0.9500551048758082,0.005362438999995334,7.820384279936008,,,,0.9500551048758082,0.8093802121168554,0.14067489275895284,0.4462855779275272,0.29348023534324,0.96875,0.9545454545454546,0.1247585526866913
49,tic-tac-toe,openml_repeat0_fold0_sample0,diff_fpde,ok,,89,89,27,689,173,96,2,0,0,0,0.8875632397854699,0.004195004999999696,2.588558689254195,-0.8279517221510069,,-1.5543122344752192e-15,0.8875632397854699,0.746387170822408,0.1411760689630619,0.5075860080255773,0.3243810384943196,0.96875,0.9545454545454546,0.1247585526866913
49,tic-tac-toe,openml_repeat0_fold0_sample0,cos_fpde,ok,,89,89,27,689,173,96,2,0,0,0,0.8875632397854699,0.004220093000000702,1.6232595251378235,-0.44658100044091087,,1.1102230246251565e-16,0.8875632397854699,0.746387170822408,0.1411760689630619,0.5075860080255773,0.3243810384943196,0.96875,0.9545454545454546,0.1247585526866913
49,tic-tac-toe,openml_repeat0_fold0_sample0,hyb_fpde_grid,ok,,89,89,27,689,173,96,2,0,0,0,0.8875632397854699,0.006383038000009833,1.0000000000000002,-0.31985047338816675,1.0,5.551115123125783e-17,0.8875632397854699,0.746387170822408,0.1411760689630619,0.5075860080255773,0.3243810384943196,0.96875,0.9545454545454546,0.1247585526866913
49,tic-tac-toe,openml_repeat0_fold0_sample0,shap,ok,,89,89,27,689,173,96,2,0,0,0,0.8875632397854699,0.037362925000010705,7.953898967432711,,,,0.8875632397854699,0.7641874129105657,0.12337582687490423,0.6045893235453756,0.36398257521013994,0.96875,0.9545454545454546,0.1247585526866913
49,tic-tac-toe,openml_repeat0_fold0_sample0,lime,ok,,89,89,27,689,173,96,2,0,0,0,0.8875632397854699,0.010203451999998947,0.6943645006719834,,,,0.8875632397854699,0.8699897358558882,0.01757350392958168,0.18002400129176818,0.09879875261067493,0.96875,0.9545454545454546,0.1247585526866913
49,tic-tac-toe,openml_repeat0_fold0_sample0,aime,ok,,89,89,27,689,173,96,2,0,0,0,0.8875632397854699,0.005319778999989921,7.880836243708877,,,,0.8875632397854699,0.746387170822408,0.1411760689630619,0.4966095443180065,0.3188928066405342,0.96875,0.9545454545454546,0.1247585526866913
49,tic-tac-toe,openml_repeat0_fold0_sample0,diff_fpde,ok,,90,90,27,689,173,96,2,0,0,0,0.5587893316183997,0.004109044999992761,2.563822613680597,0.2964741262915782,,-1.5543122344752192e-15,0.5587893316183997,0.3928498251471531,0.1659395064712466,0.4503490526384255,0.30814427955483603,0.96875,0.9545454545454546,0.1247585526866913
49,tic-tac-toe,openml_repeat0_fold0_sample0,cos_fpde,ok,,90,90,27,689,173,96,2,0,0,0,0.5587893316183997,0.0041627349999942,1.7181132425665087,0.28435437775353223,,0.0,0.5587893316183997,0.3928498251471531,0.1659395064712466,0.4503490526384255,0.30814427955483603,0.96875,0.9545454545454546,0.1247585526866913
49,tic-tac-toe,openml_repeat0_fold0_sample0,hyb_fpde_grid,ok,,90,90,27,689,173,96,2,0,0,0,0.5587893316183997,0.006321322000005125,1.0,0.11563753463659597,1.0,-5.551115123125783e-17,0.5587893316183997,0.3928498251471531,0.1659395064712466,0.4503490526384255,0.30814427955483603,0.96875,0.9545454545454546,0.1247585526866913
49,tic-tac-toe,openml_repeat0_fold0_sample0,shap,ok,,90,90,27,689,173,96,2,0,0,0,0.5587893316183997,0.03711115499999096,7.308558516187403,,,,0.5587893316183997,0.7831287098404416,-0.22433937822204186,0.11578176646130384,-0.05427880588036901,0.96875,0.9545454545454546,0.1247585526866913
49,tic-tac-toe,openml_repeat0_fold0_sample0,lime,ok,,90,90,27,689,173,96,2,0,0,0,0.5587893316183997,0.010190819000001738,0.6759096868704065,,,,0.5587893316183997,0.8109564358869983,-0.25216710426859856,0.11717638179607254,-0.06749536123626301,0.96875,0.9545454545454546,0.1247585526866913
49,tic-tac-toe,openml_repeat0_fold0_sample0,aime,ok,,90,90,27,689,173,96,2,0,0,0,0.5587893316183997,0.005965807000009704,5.89285113783227,,,,0.5587893316183997,0.4301324001048989,0.12865693151350083,0.4272937850594843,0.27797535828649256,0.96875,0.9545454545454546,0.1247585526866913
49,tic-tac-toe,openml_repeat0_fold0_sample0,diff_fpde,ok,,91,91,27,689,173,96,2,0,0,0,0.8661302673526109,0.004149870999995642,2.5341332593297183,0.9531733359614993,,-1.5543122344752192e-15,0.8661302673526109,0.6641434025774998,0.20198686477511107,0.6892844563656061,0.4456356605703586,0.96875,0.9545454545454546,0.1247585526866913
49,tic-tac-toe,openml_repeat0_fold0_sample0,cos_fpde,ok,,91,91,27,689,173,96,2,0,0,0,0.8661302673526109,0.004179707000005806,1.6017368183830705,0.6807475230060354,,1.1102230246251565e-16,0.8661302673526109,0.6641434025774998,0.20198686477511107,0.6892844563656061,0.4456356605703586,0.96875,0.9545454545454546,0.1247585526866913
49,tic-tac-toe,openml_repeat0_fold0_sample0,hyb_fpde_grid,ok,,91,91,27,689,173,96,2,0,0,0,0.8661302673526109,0.006329908000012097,1.0,0.3761338644888844,1.0,0.0,0.8661302673526109,0.6641434025774998,0.20198686477511107,0.6892844563656061,0.4456356605703586,0.96875,0.9545454545454546,0.1247585526866913
49,tic-tac-toe,openml_repeat0_fold0_sample0,shap,ok,,91,91,27,689,173,96,2,0,0,0,0.8661302673526109,0.037488400000000865,7.604876799809326,,,,0.8661302673526109,0.8609133870834424,0.005216880269168445,0.580423570772978,0.29282022552107323,0.96875,0.9545454545454546,0.1247585526866913
49,tic-tac-toe,openml_repeat0_fold0_sample0,lime,ok,,91,91,27,689,173,96,2,0,0,0,0.8661302673526109,0.010248846999999728,0.7184387828718246,,,,0.8661302673526109,0.8714112593519947,-0.005280991999383811,0.23684877867197324,0.11578389333629471,0.96875,0.9545454545454546,0.1247585526866913
49,tic-tac-toe,openml_repeat0_fold0_sample0,aime,ok,,91,91,27,689,173,96,2,0,0,0,0.8661302673526109,0.0053448660000015025,9.382701983306653,,,,0.8661302673526109,0.6641434025774998,0.20198686477511107,0.6892844563656061,0.4456356605703586,0.96875,0.9545454545454546,0.1247585526866913
49,tic-tac-toe,openml_repeat0_fold0_sample0,diff_fpde,ok,,92,92,27,689,173,96,2,0,0,0,0.9148361940930425,0.004090479999987906,2.5698433036562416,-0.8096532563211601,,-1.2212453270876722e-15,0.9148361940930425,0.6347292609415078,0.2801069331515347,0.48709607559868484,0.38360150437510976,0.96875,0.9545454545454546,0.1247585526866913
49,tic-tac-toe,openml_repeat0_fold0_sample0,cos_fpde,ok,,92,92,27,689,173,96,2,0,0,0,0.9148361940930425,0.004165059000001747,1.6070995196373314,-0.43395474550668234,,-1.1102230246251565e-16,0.9148361940930425,0.6347292609415078,0.2801069331515347,0.48709607559868484,0.38360150437510976,0.96875,0.9545454545454546,0.1247585526866913
49,tic-tac-toe,openml_repeat0_fold0_sample0,hyb_fpde_grid,ok,,92,92,27,689,173,96,2,0,0,0,0.9148361940930425,0.006340086999998107,1.0,-0.3150593871498807,1.0,-5.551115123125783e-17,0.9148361940930425,0.6347292609415078,0.2801069331515347,0.48709607559868484,0.38360150437510976,0.96875,0.9545454545454546,0.1247585526866913
49,tic-tac-toe,openml_repeat0_fold0_sample0,shap,ok,,92,92,27,689,173,96,2,0,0,0,0.9148361940930425,0.036936798999988696,7.777146483936647,,,,0.9148361940930425,0.7774771800167745,0.13735901407626805,0.4761353794488359,0.30674719676255197,0.96875,0.9545454545454546,0.1247585526866913
49,tic-tac-toe,openml_repeat0_fold0_sample0,lime,ok,,92,92,27,689,173,96,2,0,0,0,0.9148361940930425,0.010173756999989791,0.7229931710614002,,,,0.9148361940930425,0.8722359485235546,0.04260024556948794,0.2534736056847876,0.14803692562713777,0.96875,0.9545454545454546,0.1247585526866913
49,tic-tac-toe,openml_repeat0_fold0_sample0,aime,ok,,92,92,27,689,173,96,2,0,0,0,0.9148361940930425,0.005345097000002852,7.82146495717915,,,,0.9148361940930425,0.6347292609415078,0.2801069331515347,0.48709607559868484,0.38360150437510976,0.96875,0.9545454545454546,0.1247585526866913
49,tic-tac-toe,openml_repeat0_fold0_sample0,diff_fpde,ok,,93,93,27,689,173,96,2,0,0,0,0.9784789328831661,0.004110768000003873,2.5225675882753547,0.24464706910887246,,-4.440892098500626e-16,0.9784789328831661,0.4171335983987924,0.5613453344843737,0.8113131723406115,0.6863292534124926,0.96875,0.9545454545454546,0.1247585526866913
49,tic-tac-toe,openml_repeat0_fold0_sample0,cos_fpde,ok,,93,93,27,689,173,96,2,0,0,0,0.9784789328831661,0.004164598000002684,1.523547822078164,0.22555165091349666,,0.0,0.9784789328831661,0.4171335983987924,0.5613453344843737,0.8113131723406115,0.6863292534124926,0.96875,0.9545454545454546,0.1247585526866913
49,tic-tac-toe,openml_repeat0_fold0_sample0,hyb_fpde_grid,ok,,93,93,27,689,173,96,2,0,0,0,0.9784789328831661,0.006360073999999827,1.0000000000000002,0.09698335546923219,1.0,0.0,0.9784789328831661,0.4171335983987924,0.5613453344843737,0.8113131723406115,0.6863292534124926,0.96875,0.9545454545454546,0.1247585526866913
49,tic-tac-toe,openml_repeat0_fold0_sample0,shap,ok,,93,93,27,689,173,96,2,0,0,0,0.9784789328831661,0.037048307000006275,8.638150443502813,,,,0.9784789328831661,0.8676710916177085,0.11080784126545762,0.24340435058799292,0.17710609592672527,0.96875,0.9545454545454546,0.1247585526866913
49,tic-tac-toe,openml_repeat0_fold0_sample0,lime,ok,,93,93,27,689,173,96,2,0,0,0,0.9784789328831661,0.010126537999994412,0.64448053445755,,,,0.9784789328831661,0.8620630255295985,0.11641590735356766,0.20053438749781013,0.1584751474256889,0.96875,0.9545454545454546,0.1247585526866913
49,tic-tac-toe,openml_repeat0_fold0_sample0,aime,ok,,93,93,27,689,173,96,2,0,0,0,0.9784789328831661,0.005326711000009254,5.886358967042408,,,,0.9784789328831661,0.4171335983987924,0.5613453344843737,0.8113131723406115,0.6863292534124926,0.96875,0.9545454545454546,0.1247585526866913
49,tic-tac-toe,openml_repeat0_fold0_sample0,diff_fpde,ok,,94,94,27,689,173,96,2,0,0,0,0.9895172443108164,0.0041190439999923,2.4974629957934216,-0.11459049481488388,,-8.465450562766819e-16,0.9895172443108164,0.5400317058991491,0.4494855384116674,0.8678225538701712,0.6586540461409193,0.96875,0.9545454545454546,0.1247585526866913
49,tic-tac-toe,openml_repeat0_fold0_sample0,cos_fpde,ok,,94,94,27,689,173,96,2,0,0,0,0.9895172443108164,0.004142367000000036,1.519437661260375,0.012877530655950403,,-1.9081958235744878e-17,0.9895172443108164,0.5400317058991491,0.4494855384116674,0.8678225538701712,0.6586540461409193,0.96875,0.9545454545454546,0.1247585526866913
49,tic-tac-toe,openml_repeat0_fold0_sample0,hyb_fpde_grid,ok,,94,94,27,689,173,96,2,0,0,0,0.9895172443108164,0.006342571999994107,1.0000000000000002,-0.04588275982783062,1.0,-1.3877787807814457e-17,0.9895172443108164,0.5400317058991491,0.4494855384116674,0.8678225538701712,0.6586540461409193,0.96875,0.9545454545454546,0.1247585526866913
49,tic-tac-toe,openml_repeat0_fold0_sample0,shap,ok,,94,94,27,689,173,96,2,0,0,0,0.9895172443108164,0.03713677300000029,8.529644097123969,,,,0.9895172443108164,0.8712117219064838,0.11830552240433267,0.24330427209980982,0.18080489725207124,0.96875,0.9545454545454546,0.1247585526866913
49,tic-tac-toe,openml_repeat0_fold0_sample0,lime,ok,,94,94,27,689,173,96,2,0,0,0,0.9895172443108164,0.010156284000004234,0.7187728019741201,,,,0.9895172443108164,0.8685845168168794,0.12093272749393702,0.24626034084190904,0.18359653416792304,0.96875,0.9545454545454546,0.1247585526866913
49,tic-tac-toe,openml_repeat0_fold0_sample0,aime,ok,,94,94,27,689,173,96,2,0,0,0,0.9895172443108164,0.005312744999997676,5.765283002166541,,,,0.9895172443108164,0.5400317058991491,0.4494855384116674,0.8678225538701712,0.6586540461409193,0.96875,0.9545454545454546,0.1247585526866913
49,tic-tac-toe,openml_repeat0_fold0_sample0,diff_fpde,ok,,95,95,27,689,173,96,2,0,0,0,0.9582238828732673,0.004112812000002464,2.5240327557636477,-0.47278668263450285,,0.0,0.9582238828732673,0.6811438458121788,0.2770800370610885,0.6910901306469043,0.4840850838539964,0.96875,0.9545454545454546,0.1247585526866913
49,tic-tac-toe,openml_repeat0_fold0_sample0,cos_fpde,ok,,95,95,27,689,173,96,2,0,0,0,0.9582238828732673,0.004141575999994984,1.4917876221509982,-0.204062352432078,,-2.7755575615628914e-17,0.9582238828732673,0.6811438458121788,0.2770800370610885,0.6910901306469043,0.4840850838539964,0.96875,0.9545454545454546,0.1247585526866913
49,tic-tac-toe,openml_repeat0_fold0_sample0,hyb_fpde_grid,ok,,95,95,27,689,173,96,2,0,0,0,0.9582238828732673,0.00632559000000299,1.0000000000000002,-0.18731400436658002,1.0,-2.7755575615628914e-17,0.9582238828732673,0.6811438458121788,0.2770800370610885,0.6910901306469043,0.4840850838539964,0.96875,0.9545454545454546,0.1247585526866913
49,tic-tac-toe,openml_repeat0_fold0_sample0,shap,ok,,95,95,27,689,173,96,2,0,0,0,0.9582238828732673,0.03690783500000805,8.350108342378473,,,,0.9582238828732673,0.8349365170575878,0.12328736581567956,0.6230480649775753,0.3731677153966274,0.96875,0.9545454545454546,0.1247585526866913
49,tic-tac-toe,openml_repeat0_fold0_sample0,lime,ok,,95,95,27,689,173,96,2,0,0,0,0.9582238828732673,0.010149491999996485,0.7243705561698724,,,,0.9582238828732673,0.8703305141059818,0.08789336876728548,0.21732838940549867,0.1526108790863921,0.96875,0.9545454545454546,0.1247585526866913
49,tic-tac-toe,openml_repeat0_fold0_sample0,aime,ok,,95,95,27,689,173,96,2,0,0,0,0.9582238828732673,0.005308288000009043,7.716949526800246,,,,0.9582238828732673,0.6811438458121788,0.2770800370610885,0.6910901306469043,0.4840850838539964,0.96875,0.9545454545454546,0.1247585526866913
