task_id,dataset_name,split_name,method,status,error,explained_index,explained_order,n_features_transformed,n_train_fit,n_val,n_test,n_classes,true_label_encoded,pred_label_encoded,target_label_encoded,pred_target_probability,runtime_seconds,attr_l1_norm,evidence,lambda_hyb,exactness_residual,p0,deletion_auc,deletion_drop_auc,insertion_auc,combined_score,test_accuracy,test_balanced_accuracy,test_log_loss
3560,analcatdata_dmft,openml_repeat0_fold0_sample0,diff_fpde,ok,,0,0,21,573,144,80,6,3,5,5,0.31251515258318674,0.004275218999993058,0.6024491447230184,0.32925785341020947,,1.6653345369377348e-16,0.31251515258318674,0.1365100250793133,0.17600512750387343,0.3393467186767811,0.2576759230903273,0.2125,0.22332875457875456,1.8909382470348028
3560,analcatdata_dmft,openml_repeat0_fold0_sample0,cos_fpde,ok,,0,0,21,573,144,80,6,3,5,5,0.31251515258318674,0.004297631000000024,0.9882294634456027,0.5330858785405101,,0.0,0.31251515258318674,0.1357507165845837,0.17676443599860303,0.27348389017257496,0.225124163085589,0.2125,0.22332875457875456,1.8909382470348028
3560,analcatdata_dmft,openml_repeat0_fold0_sample0,hyb_fpde_grid,ok,,0,0,21,573,144,80,6,3,5,5,0.31251515258318674,0.006558295000004932,1.0,0.5451128203013506,0.8,0.0,0.31251515258318674,0.13760889182330777,0.17490626075987897,0.31112524566453403,0.2430157532122065,0.2125,0.22332875457875456,1.8909382470348028
3560,analcatdata_dmft,openml_repeat0_fold0_sample0,shap,ok,,0,0,21,573,144,80,6,3,5,5,0.31251515258318674,0.3264470419999981,1.6717101686719607,,,,0.31251515258318674,0.08472981058285566,0.22778534200033107,0.25525343815574975,0.2415193900780404,0.2125,0.22332875457875456,1.8909382470348028
3560,analcatdata_dmft,openml_repeat0_fold0_sample0,lime,ok,,0,0,21,573,144,80,6,3,5,5,0.31251515258318674,0.01676514900000825,0.14507848903181622,,,,0.31251515258318674,0.3613472180160845,-0.04883206543289775,0.08556328211324485,0.018365608340173548,0.2125,0.22332875457875456,1.8909382470348028
3560,analcatdata_dmft,openml_repeat0_fold0_sample0,aime,ok,,0,0,21,573,144,80,6,3,5,5,0.31251515258318674,0.005963123000000792,3.3997585945620794,,,,0.31251515258318674,0.08610329995061228,0.22641185263257446,0.2765966282277603,0.2515042404301674,0.2125,0.22332875457875456,1.8909382470348028
3560,analcatdata_dmft,openml_repeat0_fold0_sample0,diff_fpde,ok,,1,1,21,573,144,80,6,3,5,5,0.27573179221078403,0.004239241999997034,0.6939056516433113,0.35857578152153746,,-7.771561172376096e-16,0.27573179221078403,0.08831857551001171,0.18741321670077232,0.2329396315898804,0.21017642414532636,0.2125,0.22332875457875456,1.8909382470348028
3560,analcatdata_dmft,openml_repeat0_fold0_sample0,cos_fpde,ok,,1,1,21,573,144,80,6,3,5,5,0.27573179221078403,0.004271361999997225,1.0192172986070083,0.4969727233361463,,-1.1102230246251565e-16,0.27573179221078403,0.08735421410872174,0.1883775781020623,0.20379045089756997,0.19608401449981613,0.2125,0.22332875457875456,1.8909382470348028
3560,analcatdata_dmft,openml_repeat0_fold0_sample0,hyb_fpde_grid,ok,,1,1,21,573,144,80,6,3,5,5,0.27573179221078403,0.006589203000004318,1.0,0.5109205063197344,0.8,0.0,0.27573179221078403,0.08831857551001171,0.18741321670077232,0.2329396315898804,0.21017642414532636,0.2125,0.22332875457875456,1.8909382470348028
3560,analcatdata_dmft,openml_repeat0_fold0_sample0,shap,ok,,1,1,21,573,144,80,6,3,5,5,0.27573179221078403,0.23285828199999514,1.5228845877449921,,,,0.27573179221078403,0.06750639361023124,0.20822539860055278,0.31754739956434697,0.2628863990824499,0.2125,0.22332875457875456,1.8909382470348028
3560,analcatdata_dmft,openml_repeat0_fold0_sample0,lime,ok,,1,1,21,573,144,80,6,3,5,5,0.27573179221078403,0.015796618999999623,0.13551447106531558,,,,0.27573179221078403,0.363704447810923,-0.08797265560013895,0.07304616246536694,-0.007463246567386006,0.2125,0.22332875457875456,1.8909382470348028
3560,analcatdata_dmft,openml_repeat0_fold0_sample0,aime,ok,,1,1,21,573,144,80,6,3,5,5,0.27573179221078403,0.005580126999987556,3.305507353579036,,,,0.27573179221078403,0.07557046715922663,0.2001613250515574,0.2687251512519481,0.23444323815175278,0.2125,0.22332875457875456,1.8909382470348028
3560,analcatdata_dmft,openml_repeat0_fold0_sample0,diff_fpde,ok,,2,2,21,573,144,80,6,3,3,3,0.34241228363615844,0.004212983000002168,0.6991423856288721,0.31066219372525705,,1.1102230246251565e-16,0.34241228363615844,0.3158443092283034,0.02656797440785502,0.35137964009843947,0.18897380725314725,0.2125,0.22332875457875456,1.8909382470348028
3560,analcatdata_dmft,openml_repeat0_fold0_sample0,cos_fpde,ok,,2,2,21,573,144,80,6,3,3,3,0.34241228363615844,0.004246154999989926,1.128097952339093,0.4877878007536385,,-1.1102230246251565e-16,0.34241228363615844,0.3076976339623766,0.03471464967378185,0.3615475310870371,0.19813109038040946,0.2125,0.22332875457875456,1.8909382470348028
3560,analcatdata_dmft,openml_repeat0_fold0_sample0,hyb_fpde_grid,ok,,2,2,21,573,144,80,6,3,3,3,0.34241228363615844,0.006538188000007494,1.0000000000000002,0.44195771483961455,0.8,0.0,0.34241228363615844,0.30804873940540317,0.03436354423075527,0.36312179386600285,0.19874266904837906,0.2125,0.22332875457875456,1.8909382470348028
3560,analcatdata_dmft,openml_repeat0_fold0_sample0,shap,ok,,2,2,21,573,144,80,6,3,3,3,0.34241228363615844,0.21754105899999843,0.9725262903956722,,,,0.34241228363615844,0.27760027598408576,0.06481200765207268,0.3448317366295935,0.20482187214083308,0.2125,0.22332875457875456,1.8909382470348028
3560,analcatdata_dmft,openml_repeat0_fold0_sample0,lime,ok,,2,2,21,573,144,80,6,3,3,3,0.34241228363615844,0.015896646000001624,0.15727950400459026,,,,0.34241228363615844,0.4288207289687959,-0.08640844533263747,0.23837000810826153,0.07598078138781203,0.2125,0.22332875457875456,1.8909382470348028
3560,analcatdata_dmft,openml_repeat0_fold0_sample0,aime,ok,,2,2,21,573,144,80,6,3,3,3,0.34241228363615844,0.005459752000007256,2.414294028708383,,,,0.34241228363615844,0.30633982285895056,0.03607246077720788,0.38666817318645563,0.21137031698183176,0.2125,0.22332875457875456,1.8909382470348028
3560,analcatdata_dmft,openml_repeat0_fold0_sample0,diff_fpde,ok,,3,3,21,573,144,80,6,3,4,4,0.31866619815949354,0.004224894999993012,0.4130465526464464,0.13860854035845313,,-4.718447854656915e-16,0.31866619815949354,0.08812710074125926,0.23053909741823428,0.18735223773034676,0.2089456675742905,0.2125,0.22332875457875456,1.8909382470348028
3560,analcatdata_dmft,openml_repeat0_fold0_sample0,cos_fpde,ok,,3,3,21,573,144,80,6,3,4,4,0.31866619815949354,0.0042859590000006165,0.551874687774691,0.17171898747151515,,5.551115123125783e-17,0.31866619815949354,0.08664193109598262,0.23202426706351093,0.15830834279305805,0.1951663049282845,0.2125,0.22332875457875456,1.8909382470348028
3560,analcatdata_dmft,openml_repeat0_fold0_sample0,hyb_fpde_grid,ok,,3,3,21,573,144,80,6,3,4,4,0.31866619815949354,0.006605985000007308,0.97602714130283,0.3306920107391936,0.8,5.551115123125783e-17,0.31866619815949354,0.08615766019094036,0.2325085379685532,0.19220855958964883,0.21235854877910101,0.2125,0.22332875457875456,1.8909382470348028
3560,analcatdata_dmft,openml_repeat0_fold0_sample0,shap,ok,,3,3,21,573,144,80,6,3,4,4,0.31866619815949354,0.21935456799999997,1.9696044305925575,,,,0.31866619815949354,0.09221961042140703,0.2264465877380865,0.24083221324706172,0.23363940049257412,0.2125,0.22332875457875456,1.8909382470348028
3560,analcatdata_dmft,openml_repeat0_fold0_sample0,lime,ok,,3,3,21,573,144,80,6,3,4,4,0.31866619815949354,0.015707362999989982,0.08685363586747187,,,,0.31866619815949354,0.25487777060985783,0.0637884275496357,0.09044289463600735,0.07711566109282153,0.2125,0.22332875457875456,1.8909382470348028
3560,analcatdata_dmft,openml_repeat0_fold0_sample0,aime,ok,,3,3,21,573,144,80,6,3,4,4,0.31866619815949354,0.005477536000000782,5.360170729055917,,,,0.31866619815949354,0.09841070531302434,0.2202554928464692,0.2004390996283706,0.21034729623741988,0.2125,0.22332875457875456,1.8909382470348028
3560,analcatdata_dmft,openml_repeat0_fold0_sample0,diff_fpde,ok,,4,4,21,573,144,80,6,3,4,4,0.5753824207505718,0.004190520999998171,0.4649817864607148,0.11364923487825823,,-5.551115123125783e-17,0.5753824207505718,0.14235417539720535,0.4330282453533664,0.2080894188721394,0.32055883211275293,0.2125,0.22332875457875456,1.8909382470348028
3560,analcatdata_dmft,openml_repeat0_fold0_sample0,cos_fpde,ok,,4,4,21,573,144,80,6,3,4,4,0.5753824207505718,0.0042654709999965235,0.6921340731875497,0.02298732968858122,,-2.7755575615628914e-17,0.5753824207505718,0.12684286773024173,0.44853955302033005,0.18582451758075424,0.3171820353005421,0.2125,0.22332875457875456,1.8909382470348028
3560,analcatdata_dmft,openml_repeat0_fold0_sample0,hyb_fpde_grid,ok,,4,4,21,573,144,80,6,3,4,4,0.5753824207505718,0.006569205999994665,0.9806344536299545,0.20217567415051993,0.8,5.551115123125783e-17,0.5753824207505718,0.13234355259627276,0.44303886815429905,0.202738915724403,0.322888891939351,0.2125,0.22332875457875456,1.8909382470348028
3560,analcatdata_dmft,openml_repeat0_fold0_sample0,shap,ok,,4,4,21,573,144,80,6,3,4,4,0.5753824207505718,0.21183990500000505,1.9607206128105013,,,,0.5753824207505718,0.08004204070987894,0.4953403800406928,0.28001437250707245,0.38767737627388266,0.2125,0.22332875457875456,1.8909382470348028
3560,analcatdata_dmft,openml_repeat0_fold0_sample0,lime,ok,,4,4,21,573,144,80,6,3,4,4,0.5753824207505718,0.015627033000001234,0.09289833528267356,,,,0.5753824207505718,0.28022091471946203,0.29516150603110974,0.1324774814812983,0.21381949375620402,0.2125,0.22332875457875456,1.8909382470348028
3560,analcatdata_dmft,openml_repeat0_fold0_sample0,aime,ok,,4,4,21,573,144,80,6,3,4,4,0.5753824207505718,0.005452368999996793,4.913376764654427,,,,0.5753824207505718,0.14181268748939405,0.43356973326117776,0.2699068563774502,0.35173829481931396,0.2125,0.22332875457875456,1.8909382470348028
3560,analcatdata_dmft,openml_repeat0_fold0_sample0,diff_fpde,ok,,5,5,21,573,144,80,6,3,0,0,0.30496348231375037,0.004193315999998504,0.6327973691402504,0.31050120741636944,,1.1102230246251565e-16,0.30496348231375037,0.13059754689221886,0.1743659354215315,0.30382662668637794,0.23909628105395472,0.2125,0.22332875457875456,1.8909382470348028
3560,analcatdata_dmft,openml_repeat0_fold0_sample0,cos_fpde,ok,,5,5,21,573,144,80,6,3,0,0,0.30496348231375037,0.004231378000000063,1.1347104259465939,0.42737945101049823,,1.6653345369377348e-16,0.30496348231375037,0.11186301175722857,0.1931004705565218,0.27862268922892847,0.23586157989272513,0.2125,0.22332875457875456,1.8909382470348028
3560,analcatdata_dmft,openml_repeat0_fold0_sample0,hyb_fpde_grid,ok,,5,5,21,573,144,80,6,3,0,0,0.30496348231375037,0.006563163999999233,0.9958099984108695,0.467872618663785,0.8,-2.220446049250313e-16,0.30496348231375037,0.13059754689221886,0.1743659354215315,0.30382662668637794,0.23909628105395472,0.2125,0.22332875457875456,1.8909382470348028
3560,analcatdata_dmft,openml_repeat0_fold0_sample0,shap,ok,,5,5,21,573,144,80,6,3,0,0,0.30496348231375037,0.2121355379999983,1.6997339141536931,,,,0.30496348231375037,0.08891085396264113,0.21605262835110922,0.33317372768434006,0.27461317801772467,0.2125,0.22332875457875456,1.8909382470348028
3560,analcatdata_dmft,openml_repeat0_fold0_sample0,lime,ok,,5,5,21,573,144,80,6,3,0,0,0.30496348231375037,0.015815384000006816,0.13741852373764787,,,,0.30496348231375037,0.35905680727596845,-0.05409332496221808,0.09778287761451784,0.02184477632614988,0.2125,0.22332875457875456,1.8909382470348028
3560,analcatdata_dmft,openml_repeat0_fold0_sample0,aime,ok,,5,5,21,573,144,80,6,3,0,0,0.30496348231375037,0.0054433520000003455,3.451789295798889,,,,0.30496348231375037,0.1862751829779254,0.11868829933582498,0.29569113813208764,0.2071897187339563,0.2125,0.22332875457875456,1.8909382470348028
3560,analcatdata_dmft,openml_repeat0_fold0_sample0,diff_fpde,ok,,6,6,21,573,144,80,6,3,0,0,0.30496348231375037,0.004195229999993444,0.6327973691402504,0.31050120741636944,,1.1102230246251565e-16,0.30496348231375037,0.13059754689221886,0.1743659354215315,0.30382662668637794,0.23909628105395472,0.2125,0.22332875457875456,1.8909382470348028
3560,analcatdata_dmft,openml_repeat0_fold0_sample0,cos_fpde,ok,,6,6,21,573,144,80,6,3,0,0,0.30496348231375037,0.00421993599999837,1.1347104259465939,0.42737945101049823,,1.6653345369377348e-16,0.30496348231375037,0.11186301175722857,0.1931004705565218,0.27862268922892847,0.23586157989272513,0.2125,0.22332875457875456,1.8909382470348028
3560,analcatdata_dmft,openml_repeat0_fold0_sample0,hyb_fpde_grid,ok,,6,6,21,573,144,80,6,3,0,0,0.30496348231375037,0.006588100999991298,0.9958099984108695,0.467872618663785,0.8,-2.220446049250313e-16,0.30496348231375037,0.13059754689221886,0.1743659354215315,0.30382662668637794,0.23909628105395472,0.2125,0.22332875457875456,1.8909382470348028
3560,analcatdata_dmft,openml_repeat0_fold0_sample0,shap,ok,,6,6,21,573,144,80,6,3,0,0,0.30496348231375037,0.2126662390000007,1.6997339141536931,,,,0.30496348231375037,0.08891085396264113,0.21605262835110922,0.33317372768434006,0.27461317801772467,0.2125,0.22332875457875456,1.8909382470348028
3560,analcatdata_dmft,openml_repeat0_fold0_sample0,lime,ok,,6,6,21,573,144,80,6,3,0,0,0.30496348231375037,0.015663881000008928,0.1614611870811541,,,,0.30496348231375037,0.3536594503716706,-0.04869596805792026,0.09450238602604294,0.02290320898406134,0.2125,0.22332875457875456,1.8909382470348028
3560,analcatdata_dmft,openml_repeat0_fold0_sample0,aime,ok,,6,6,21,573,144,80,6,3,0,0,0.30496348231375037,0.005466053999995779,3.451789295798889,,,,0.30496348231375037,0.1862751829779254,0.11868829933582498,0.29569113813208764,0.2071897187339563,0.2125,0.22332875457875456,1.8909382470348028
3560,analcatdata_dmft,openml_repeat0_fold0_sample0,diff_fpde,ok,,7,7,21,573,144,80,6,3,4,4,0.2279099500010116,0.004164501999994741,0.9599822693781721,0.5366604798321353,,8.881784197001252e-16,0.2279099500010116,0.08037627337644927,0.14753367662456235,0.17843465579392287,0.1629841662092426,0.2125,0.22332875457875456,1.8909382470348028
3560,analcatdata_dmft,openml_repeat0_fold0_sample0,cos_fpde,ok,,7,7,21,573,144,80,6,3,4,4,0.2279099500010116,0.004204416999996852,1.0855410456859325,0.5935856927998275,,0.0,0.2279099500010116,0.08514373350411134,0.14276621649690027,0.16816970568196,0.15546796108943012,0.2125,0.22332875457875456,1.8909382470348028
3560,analcatdata_dmft,openml_repeat0_fold0_sample0,hyb_fpde_grid,ok,,7,7,21,573,144,80,6,3,4,4,0.2279099500010116,0.006525784999993789,1.0,0.5565875095715314,0.8,0.0,0.2279099500010116,0.08037627337644927,0.14753367662456235,0.17843465579392287,0.1629841662092426,0.2125,0.22332875457875456,1.8909382470348028
3560,analcatdata_dmft,openml_repeat0_fold0_sample0,shap,ok,,7,7,21,573,144,80,6,3,4,4,0.2279099500010116,0.2113775010000012,1.7167163191305572,,,,0.2279099500010116,0.07777947613658776,0.15013047386442385,0.21154794754607706,0.18083921070525044,0.2125,0.22332875457875456,1.8909382470348028
3560,analcatdata_dmft,openml_repeat0_fold0_sample0,lime,ok,,7,7,21,573,144,80,6,3,4,4,0.2279099500010116,0.015749069999998255,0.08553971309826869,,,,0.2279099500010116,0.2495214012453149,-0.021611451244303304,0.07188129973559639,0.02513492424564654,0.2125,0.22332875457875456,1.8909382470348028
3560,analcatdata_dmft,openml_repeat0_fold0_sample0,aime,ok,,7,7,21,573,144,80,6,3,4,4,0.2279099500010116,0.005404800000007981,6.157491441777664,,,,0.2279099500010116,0.07933947373851691,0.1485704762624947,0.21152275752270988,0.1800466168926023,0.2125,0.22332875457875456,1.8909382470348028
3560,analcatdata_dmft,openml_repeat0_fold0_sample0,diff_fpde,ok,,8,8,21,573,144,80,6,3,2,2,0.4825843981927654,0.004201981999997884,0.5957238844702549,-0.0005233470646088673,,4.579669976578771e-16,0.4825843981927654,0.25196744839325097,0.23061694979951441,0.2117789359481734,0.22119794287384392,0.2125,0.22332875457875456,1.8909382470348028
3560,analcatdata_dmft,openml_repeat0_fold0_sample0,cos_fpde,ok,,8,8,21,573,144,80,6,3,2,2,0.4825843981927654,0.004261884000001714,0.8512802507405457,0.04818587350984563,,-1.3877787807814457e-16,0.4825843981927654,0.2527367142062,0.2298476839865654,0.21644699224902392,0.22314733811779466,0.2125,0.22332875457875456,1.8909382470348028
3560,analcatdata_dmft,openml_repeat0_fold0_sample0,hyb_fpde_grid,ok,,8,8,21,573,144,80,6,3,2,2,0.4825843981927654,0.0066245390000005955,1.0,0.010617996578343752,0.8,0.0,0.4825843981927654,0.25196744839325097,0.23061694979951441,0.2117789359481734,0.22119794287384392,0.2125,0.22332875457875456,1.8909382470348028
3560,analcatdata_dmft,openml_repeat0_fold0_sample0,shap,ok,,8,8,21,573,144,80,6,3,2,2,0.4825843981927654,0.2102125350000108,2.1872604716663755,,,,0.4825843981927654,0.2431071928373055,0.23947720535545988,0.3235340788578557,0.2815056421066578,0.2125,0.22332875457875456,1.8909382470348028
3560,analcatdata_dmft,openml_repeat0_fold0_sample0,lime,ok,,8,8,21,573,144,80,6,3,2,2,0.4825843981927654,0.015811937999998804,0.1451775338850251,,,,0.4825843981927654,0.2670466966153266,0.2155377015774388,0.1356233075447867,0.17558050456111274,0.2125,0.22332875457875456,1.8909382470348028
3560,analcatdata_dmft,openml_repeat0_fold0_sample0,aime,ok,,8,8,21,573,144,80,6,3,2,2,0.4825843981927654,0.005442810999994663,5.983986397289448,,,,0.4825843981927654,0.25046063526599655,0.23212376292676884,0.27811288899663555,0.2551183259617022,0.2125,0.22332875457875456,1.8909382470348028
3560,analcatdata_dmft,openml_repeat0_fold0_sample0,diff_fpde,ok,,9,9,21,573,144,80,6,3,5,5,0.27573179221078403,0.004240514000002804,0.6939056516433113,0.35857578152153746,,-7.771561172376096e-16,0.27573179221078403,0.08831857551001171,0.18741321670077232,0.2329396315898804,0.21017642414532636,0.2125,0.22332875457875456,1.8909382470348028
3560,analcatdata_dmft,openml_repeat0_fold0_sample0,cos_fpde,ok,,9,9,21,573,144,80,6,3,5,5,0.27573179221078403,0.004269187999994983,1.0192172986070083,0.4969727233361463,,-1.1102230246251565e-16,0.27573179221078403,0.08735421410872174,0.1883775781020623,0.20379045089756997,0.19608401449981613,0.2125,0.22332875457875456,1.8909382470348028
3560,analcatdata_dmft,openml_repeat0_fold0_sample0,hyb_fpde_grid,ok,,9,9,21,573,144,80,6,3,5,5,0.27573179221078403,0.00658462500000212,1.0,0.5109205063197344,0.8,0.0,0.27573179221078403,0.08831857551001171,0.18741321670077232,0.2329396315898804,0.21017642414532636,0.2125,0.22332875457875456,1.8909382470348028
3560,analcatdata_dmft,openml_repeat0_fold0_sample0,shap,ok,,9,9,21,573,144,80,6,3,5,5,0.27573179221078403,0.2101592320000094,1.5228845877449921,,,,0.27573179221078403,0.06750639361023124,0.20822539860055278,0.31754739956434697,0.2628863990824499,0.2125,0.22332875457875456,1.8909382470348028
3560,analcatdata_dmft,openml_repeat0_fold0_sample0,lime,ok,,9,9,21,573,144,80,6,3,5,5,0.27573179221078403,0.01600285899999676,0.13097310279618976,,,,0.27573179221078403,0.3968364895768681,-0.12110469736608409,0.07081080077119835,-0.02514694829744287,0.2125,0.22332875457875456,1.8909382470348028
3560,analcatdata_dmft,openml_repeat0_fold0_sample0,aime,ok,,9,9,21,573,144,80,6,3,5,5,0.27573179221078403,0.0054541699999930415,3.305507353579036,,,,0.27573179221078403,0.07557046715922663,0.2001613250515574,0.2687251512519481,0.23444323815175278,0.2125,0.22332875457875456,1.8909382470348028
3560,analcatdata_dmft,openml_repeat0_fold0_sample0,diff_fpde,ok,,10,10,21,573,144,80,6,3,0,0,0.30496348231375037,0.0041906099999948765,0.6327973691402504,0.31050120741636944,,1.1102230246251565e-16,0.30496348231375037,0.13059754689221886,0.1743659354215315,0.30382662668637794,0.23909628105395472,0.2125,0.22332875457875456,1.8909382470348028
3560,analcatdata_dmft,openml_repeat0_fold0_sample0,cos_fpde,ok,,10,10,21,573,144,80,6,3,0,0,0.30496348231375037,0.004281118000008632,1.1347104259465939,0.42737945101049823,,1.6653345369377348e-16,0.30496348231375037,0.11186301175722857,0.1931004705565218,0.27862268922892847,0.23586157989272513,0.2125,0.22332875457875456,1.8909382470348028
3560,analcatdata_dmft,openml_repeat0_fold0_sample0,hyb_fpde_grid,ok,,10,10,21,573,144,80,6,3,0,0,0.30496348231375037,0.006529921000009153,0.9958099984108695,0.467872618663785,0.8,-2.220446049250313e-16,0.30496348231375037,0.13059754689221886,0.1743659354215315,0.30382662668637794,0.23909628105395472,0.2125,0.22332875457875456,1.8909382470348028
3560,analcatdata_dmft,openml_repeat0_fold0_sample0,shap,ok,,10,10,21,573,144,80,6,3,0,0,0.30496348231375037,0.20989145599999404,1.6997339141536931,,,,0.30496348231375037,0.08891085396264113,0.21605262835110922,0.33317372768434006,0.27461317801772467,0.2125,0.22332875457875456,1.8909382470348028
3560,analcatdata_dmft,openml_repeat0_fold0_sample0,lime,ok,,10,10,21,573,144,80,6,3,0,0,0.30496348231375037,0.01572093199999358,0.16752014009316957,,,,0.30496348231375037,0.38487924848117944,-0.07991576616742907,0.09942345682656852,0.009753845329569723,0.2125,0.22332875457875456,1.8909382470348028
3560,analcatdata_dmft,openml_repeat0_fold0_sample0,aime,ok,,10,10,21,573,144,80,6,3,0,0,0.30496348231375037,0.005441387000004738,3.451789295798889,,,,0.30496348231375037,0.1862751829779254,0.11868829933582498,0.29569113813208764,0.2071897187339563,0.2125,0.22332875457875456,1.8909382470348028
3560,analcatdata_dmft,openml_repeat0_fold0_sample0,diff_fpde,ok,,11,11,21,573,144,80,6,3,2,2,0.24359795045991667,0.00421354299999166,0.6553313674034396,0.4196681366050735,,7.771561172376096e-16,0.24359795045991667,0.18367686071377304,0.05992108974614363,0.24620205096218237,0.153061570354163,0.2125,0.22332875457875456,1.8909382470348028
3560,analcatdata_dmft,openml_repeat0_fold0_sample0,cos_fpde,ok,,11,11,21,573,144,80,6,3,2,2,0.24359795045991667,0.004265990000007491,1.1231841282702313,0.7607621740073778,,0.0,0.24359795045991667,0.18866200219135776,0.05493594826855891,0.23614730672502804,0.14554162749679347,0.2125,0.22332875457875456,1.8909382470348028
3560,analcatdata_dmft,openml_repeat0_fold0_sample0,hyb_fpde_grid,ok,,11,11,21,573,144,80,6,3,2,2,0.24359795045991667,0.006556529999997451,1.0,0.6477778529966937,0.8,0.0,0.24359795045991667,0.18367686071377304,0.05992108974614363,0.24620205096218237,0.153061570354163,0.2125,0.22332875457875456,1.8909382470348028
3560,analcatdata_dmft,openml_repeat0_fold0_sample0,shap,ok,,11,11,21,573,144,80,6,3,2,2,0.24359795045991667,0.21011207799999454,1.6797525882937379,,,,0.24359795045991667,0.154105093293215,0.08949285716670166,0.27501015196669404,0.18225150456669786,0.2125,0.22332875457875456,1.8909382470348028
3560,analcatdata_dmft,openml_repeat0_fold0_sample0,lime,ok,,11,11,21,573,144,80,6,3,2,2,0.24359795045991667,0.015863128000006554,0.12108898742614808,,,,0.24359795045991667,0.20391735406335512,0.039680596396561546,0.11191353200036168,0.0757970641984616,0.2125,0.22332875457875456,1.8909382470348028
3560,analcatdata_dmft,openml_repeat0_fold0_sample0,aime,ok,,11,11,21,573,144,80,6,3,2,2,0.24359795045991667,0.005460341999992124,3.1627145235061978,,,,0.24359795045991667,0.158856972528311,0.08474097793160568,0.2493055027859249,0.16702324035876528,0.2125,0.22332875457875456,1.8909382470348028
3560,analcatdata_dmft,openml_repeat0_fold0_sample0,diff_fpde,ok,,12,12,21,573,144,80,6,3,1,1,0.31513498572717014,0.004166936000004284,0.4234453574634754,0.16022455636740293,,6.38378239159465e-16,0.31513498572717014,0.16389201042953577,0.15124297529763436,0.311798550128365,0.23152076271299968,0.2125,0.22332875457875456,1.8909382470348028
3560,analcatdata_dmft,openml_repeat0_fold0_sample0,cos_fpde,ok,,12,12,21,573,144,80,6,3,1,1,0.31513498572717014,0.004207080000000474,0.7963341112903867,0.30883717899343155,,0.0,0.31513498572717014,0.16389201042953577,0.15124297529763436,0.311798550128365,0.23152076271299968,0.2125,0.22332875457875456,1.8909382470348028
3560,analcatdata_dmft,openml_repeat0_fold0_sample0,hyb_fpde_grid,ok,,12,12,21,573,144,80,6,3,1,1,0.31513498572717014,0.006555437000002939,0.9996992441658639,0.38027118414834643,0.8,-5.551115123125783e-17,0.31513498572717014,0.16389201042953577,0.15124297529763436,0.311798550128365,0.23152076271299968,0.2125,0.22332875457875456,1.8909382470348028
3560,analcatdata_dmft,openml_repeat0_fold0_sample0,shap,ok,,12,12,21,573,144,80,6,3,1,1,0.31513498572717014,0.2100165299999901,1.5712214531919977,,,,0.31513498572717014,0.07806666389039928,0.23706832183677085,0.31268016121207953,0.2748742415244252,0.2125,0.22332875457875456,1.8909382470348028
3560,analcatdata_dmft,openml_repeat0_fold0_sample0,lime,ok,,12,12,21,573,144,80,6,3,1,1,0.31513498572717014,0.01595708400000717,0.22369943647486476,,,,0.31513498572717014,0.343114117743158,-0.02797913201598784,0.09543224880003566,0.03372655839202391,0.2125,0.22332875457875456,1.8909382470348028
3560,analcatdata_dmft,openml_repeat0_fold0_sample0,aime,ok,,12,12,21,573,144,80,6,3,1,1,0.31513498572717014,0.00541684099999884,7.659680214363444,,,,0.31513498572717014,0.09491791719928404,0.22021706852788608,0.2822514579930379,0.251234263260462,0.2125,0.22332875457875456,1.8909382470348028
3560,analcatdata_dmft,openml_repeat0_fold0_sample0,diff_fpde,ok,,13,13,21,573,144,80,6,3,0,0,0.3491820654834038,0.004170521999995458,0.6011179376192742,0.4440395055185671,,0.0,0.3491820654834038,0.16741502316406104,0.18176704231934276,0.31683871933431806,0.24930288082683041,0.2125,0.22332875457875456,1.8909382470348028
3560,analcatdata_dmft,openml_repeat0_fold0_sample0,cos_fpde,ok,,13,13,21,573,144,80,6,3,0,0,0.3491820654834038,0.0042080220000002555,0.9055264561608599,0.6291947382937608,,0.0,0.3491820654834038,0.14999149796985317,0.19919056751355063,0.32607877405092334,0.262634670782237,0.2125,0.22332875457875456,1.8909382470348028
3560,analcatdata_dmft,openml_repeat0_fold0_sample0,hyb_fpde_grid,ok,,13,13,21,573,144,80,6,3,0,0,0.3491820654834038,0.006560267000011777,1.0000000000000002,0.7299193163719983,0.8,0.0,0.3491820654834038,0.16741502316406104,0.18176704231934276,0.31683871933431806,0.24930288082683041,0.2125,0.22332875457875456,1.8909382470348028
3560,analcatdata_dmft,openml_repeat0_fold0_sample0,shap,ok,,13,13,21,573,144,80,6,3,0,0,0.3491820654834038,0.2107921479999959,1.588033007778768,,,,0.3491820654834038,0.12189214126034105,0.22728992422306277,0.3313706914561946,0.27933030783962864,0.2125,0.22332875457875456,1.8909382470348028
3560,analcatdata_dmft,openml_repeat0_fold0_sample0,lime,ok,,13,13,21,573,144,80,6,3,0,0,0.3491820654834038,0.01578460199999654,0.1502983529532691,,,,0.3491820654834038,0.33366054546293655,0.01552152002046725,0.09981541237757863,0.05766846619902294,0.2125,0.22332875457875456,1.8909382470348028
3560,analcatdata_dmft,openml_repeat0_fold0_sample0,aime,ok,,13,13,21,573,144,80,6,3,0,0,0.3491820654834038,0.005423171999993315,3.7340933984102893,,,,0.3491820654834038,0.22473250004767514,0.12444956543572866,0.30100694636674286,0.21272825590123576,0.2125,0.22332875457875456,1.8909382470348028
3560,analcatdata_dmft,openml_repeat0_fold0_sample0,diff_fpde,ok,,14,14,21,573,144,80,6,3,1,1,0.2948835285104757,0.0041878640000021505,0.48265017881548516,-0.20886031798062915,,-1.6653345369377348e-16,0.2948835285104757,0.18629683232344207,0.10858669618703365,0.3260231662993306,0.21730493124318212,0.2125,0.22332875457875456,1.8909382470348028
3560,analcatdata_dmft,openml_repeat0_fold0_sample0,cos_fpde,ok,,14,14,21,573,144,80,6,3,1,1,0.2948835285104757,0.004234792999994852,1.0040812973913646,-0.411327221891392,,-1.6653345369377348e-16,0.2948835285104757,0.19379406780036393,0.1010894607101118,0.3206420032116878,0.2108657319608998,0.2125,0.22332875457875456,1.8909382470348028
3560,analcatdata_dmft,openml_repeat0_fold0_sample0,hyb_fpde_grid,ok,,14,14,21,573,144,80,6,3,1,1,0.2948835285104757,0.006563733999996657,0.9999760766723604,-0.42812020777034676,0.8,1.6653345369377348e-16,0.2948835285104757,0.18629683232344207,0.10858669618703365,0.3260231662993306,0.21730493124318212,0.2125,0.22332875457875456,1.8909382470348028
3560,analcatdata_dmft,openml_repeat0_fold0_sample0,shap,ok,,14,14,21,573,144,80,6,3,1,1,0.2948835285104757,0.2101440680000053,1.1649277711184087,,,,0.2948835285104757,0.13056265883919413,0.1643208696712816,0.3247165633429816,0.24451871650713158,0.2125,0.22332875457875456,1.8909382470348028
3560,analcatdata_dmft,openml_repeat0_fold0_sample0,lime,ok,,14,14,21,573,144,80,6,3,1,1,0.2948835285104757,0.01584218900001133,0.19113294075765716,,,,0.2948835285104757,0.4411830972397547,-0.14629956872927896,0.11038227181416664,-0.01795864845755616,0.2125,0.22332875457875456,1.8909382470348028
3560,analcatdata_dmft,openml_repeat0_fold0_sample0,aime,ok,,14,14,21,573,144,80,6,3,1,1,0.2948835285104757,0.00544910999998649,4.91597785768819,,,,0.2948835285104757,0.15376493736862232,0.1411185911418534,0.3272867247628437,0.23420265795234857,0.2125,0.22332875457875456,1.8909382470348028
3560,analcatdata_dmft,openml_repeat0_fold0_sample0,diff_fpde,ok,,15,15,21,573,144,80,6,3,5,5,0.3195398101199391,0.0042138929999993024,0.479533729109554,0.36259682527011955,,-1.6653345369377348e-16,0.3195398101199391,0.1787494151448038,0.1407903949751353,0.17742677630351866,0.15910858563932698,0.2125,0.22332875457875456,1.8909382470348028
3560,analcatdata_dmft,openml_repeat0_fold0_sample0,cos_fpde,ok,,15,15,21,573,144,80,6,3,5,5,0.3195398101199391,0.0042371170000023994,0.6534551588805546,0.4922657735736966,,0.0,0.3195398101199391,0.1787494151448038,0.1407903949751353,0.17742677630351866,0.15910858563932698,0.2125,0.22332875457875456,1.8909382470348028
3560,analcatdata_dmft,openml_repeat0_fold0_sample0,hyb_fpde_grid,ok,,15,15,21,573,144,80,6,3,5,5,0.3195398101199391,0.006562971999997558,1.0,0.7555811656945723,0.8,0.0,0.3195398101199391,0.1787494151448038,0.1407903949751353,0.17742677630351866,0.15910858563932698,0.2125,0.22332875457875456,1.8909382470348028
3560,analcatdata_dmft,openml_repeat0_fold0_sample0,shap,ok,,15,15,21,573,144,80,6,3,5,5,0.3195398101199391,0.21068470800000227,2.301570855374934,,,,0.3195398101199391,0.09309412967146713,0.22644568044847196,0.3071957778561678,0.2668207291523199,0.2125,0.22332875457875456,1.8909382470348028
3560,analcatdata_dmft,openml_repeat0_fold0_sample0,lime,ok,,15,15,21,573,144,80,6,3,5,5,0.3195398101199391,0.0158908000000082,0.1396392872428056,,,,0.3195398101199391,0.31962248761786777,-8.267749792867374e-05,0.08263377247816778,0.04127554749011955,0.2125,0.22332875457875456,1.8909382470348028
3560,analcatdata_dmft,openml_repeat0_fold0_sample0,aime,ok,,15,15,21,573,144,80,6,3,5,5,0.3195398101199391,0.005489155999995887,3.568147294192327,,,,0.3195398101199391,0.09521022076383022,0.22432958935610886,0.25115475809151205,0.23774217372381046,0.2125,0.22332875457875456,1.8909382470348028
3560,analcatdata_dmft,openml_repeat0_fold0_sample0,diff_fpde,ok,,16,16,21,573,144,80,6,2,1,1,0.2804557885324691,0.004239160000011566,0.48254201370757954,0.10731255776581655,,4.996003610813204e-16,0.2804557885324691,0.16065022232704385,0.11980556620542526,0.2768823800306217,0.1983439731180235,0.2125,0.22332875457875456,1.8909382470348028
3560,analcatdata_dmft,openml_repeat0_fold0_sample0,cos_fpde,ok,,16,16,21,573,144,80,6,2,1,1,0.2804557885324691,0.004268866000003868,0.7284821140632377,0.10605383738426243,,-1.3877787807814457e-17,0.2804557885324691,0.15687211789398248,0.12358367063848663,0.3335021391039109,0.22854290487119877,0.2125,0.22332875457875456,1.8909382470348028
3560,analcatdata_dmft,openml_repeat0_fold0_sample0,hyb_fpde_grid,ok,,16,16,21,573,144,80,6,2,1,1,0.2804557885324691,0.006652329000004897,0.9930834933470702,0.20702845265786268,0.8,0.0,0.2804557885324691,0.16065022232704385,0.11980556620542526,0.2768823800306217,0.1983439731180235,0.2125,0.22332875457875456,1.8909382470348028
3560,analcatdata_dmft,openml_repeat0_fold0_sample0,shap,ok,,16,16,21,573,144,80,6,2,1,1,0.2804557885324691,0.2100534790000097,1.3103753621804182,,,,0.2804557885324691,0.08283824150653588,0.19761754702593323,0.33469810694168783,0.2661578269838105,0.2125,0.22332875457875456,1.8909382470348028
3560,analcatdata_dmft,openml_repeat0_fold0_sample0,lime,ok,,16,16,21,573,144,80,6,2,1,1,0.2804557885324691,0.01564040299999192,0.19470795222123705,,,,0.2804557885324691,0.36472775779961,-0.08427196926714087,0.08832828056702728,0.002028155649943207,0.2125,0.22332875457875456,1.8909382470348028
3560,analcatdata_dmft,openml_repeat0_fold0_sample0,aime,ok,,16,16,21,573,144,80,6,2,1,1,0.2804557885324691,0.00541365499999813,5.367190681119354,,,,0.2804557885324691,0.10411391980586748,0.17634186872660162,0.30837392875098923,0.24235789873879543,0.2125,0.22332875457875456,1.8909382470348028
3560,analcatdata_dmft,openml_repeat0_fold0_sample0,diff_fpde,ok,,17,17,21,573,144,80,6,2,1,1,0.34473757384984416,0.00418062099998906,0.5615947369095532,0.5086361258316039,,4.440892098500626e-16,0.34473757384984416,0.2665716199830755,0.07816595386676867,0.27214297526093045,0.17515446456384956,0.2125,0.22332875457875456,1.8909382470348028
3560,analcatdata_dmft,openml_repeat0_fold0_sample0,cos_fpde,ok,,17,17,21,573,144,80,6,2,1,1,0.34473757384984416,0.004262453999999138,1.0728384853098019,0.9708999967542337,,-1.1102230246251565e-16,0.34473757384984416,0.2459729513393193,0.09876462251052487,0.30085602699197933,0.1998103247512521,0.2125,0.22332875457875456,1.8909382470348028
3560,analcatdata_dmft,openml_repeat0_fold0_sample0,hyb_fpde_grid,ok,,17,17,21,573,144,80,6,2,1,1,0.34473757384984416,0.006505475000011529,0.9999791621647269,0.9055561653123334,0.8,0.0,0.34473757384984416,0.25826032219406736,0.0864772516557768,0.27214868018380267,0.17931296591978974,0.2125,0.22332875457875456,1.8909382470348028
3560,analcatdata_dmft,openml_repeat0_fold0_sample0,shap,ok,,17,17,21,573,144,80,6,2,1,1,0.34473757384984416,0.20950456299999587,1.582203472780703,,,,0.34473757384984416,0.16803328632587816,0.176704287523966,0.3582847076398865,0.2674944975819262,0.2125,0.22332875457875456,1.8909382470348028
3560,analcatdata_dmft,openml_repeat0_fold0_sample0,lime,ok,,17,17,21,573,144,80,6,2,1,1,0.34473757384984416,0.015854050999990932,0.17820051727596123,,,,0.34473757384984416,0.3448734818506721,-0.00013590800082796672,0.14496920418923306,0.07241664809420255,0.2125,0.22332875457875456,1.8909382470348028
3560,analcatdata_dmft,openml_repeat0_fold0_sample0,aime,ok,,17,17,21,573,144,80,6,2,1,1,0.34473757384984416,0.005425516999991942,2.2967186799146138,,,,0.34473757384984416,0.18869284721874058,0.15604472663110358,0.2823950541810586,0.21921989040608109,0.2125,0.22332875457875456,1.8909382470348028
3560,analcatdata_dmft,openml_repeat0_fold0_sample0,diff_fpde,ok,,18,18,21,573,144,80,6,2,4,4,0.3950596008730713,0.004213422999995942,0.7983121013715642,0.558255405632701,,3.3306690738754696e-16,0.3950596008730713,0.1381123358641646,0.2569472650089067,0.23252078535199444,0.24473402518045057,0.2125,0.22332875457875456,1.8909382470348028
3560,analcatdata_dmft,openml_repeat0_fold0_sample0,cos_fpde,ok,,18,18,21,573,144,80,6,2,4,4,0.3950596008730713,0.004248367999991842,1.161497629423023,0.7541676480883837,,0.0,0.3950596008730713,0.14058877549465587,0.2544708253784154,0.2942238544714716,0.27434733992494353,0.2125,0.22332875457875456,1.8909382470348028
3560,analcatdata_dmft,openml_repeat0_fold0_sample0,hyb_fpde_grid,ok,,18,18,21,573,144,80,6,2,4,4,0.3950596008730713,0.006523328000000106,0.9995433237155851,0.6892969903664077,0.8,0.0,0.3950596008730713,0.1381123358641646,0.2569472650089067,0.23252078535199444,0.24473402518045057,0.2125,0.22332875457875456,1.8909382470348028
3560,analcatdata_dmft,openml_repeat0_fold0_sample0,shap,ok,,18,18,21,573,144,80,6,2,4,4,0.3950596008730713,0.2103319790000029,2.198113950539958,,,,0.3950596008730713,0.08776356444458375,0.3072960364284876,0.2415347933803013,0.2744154149043944,0.2125,0.22332875457875456,1.8909382470348028
3560,analcatdata_dmft,openml_repeat0_fold0_sample0,lime,ok,,18,18,21,573,144,80,6,2,4,4,0.3950596008730713,0.01567328299999815,0.09729701110981433,,,,0.3950596008730713,0.2827977924497108,0.11226180842336048,0.09045514170436517,0.10135847506386282,0.2125,0.22332875457875456,1.8909382470348028
3560,analcatdata_dmft,openml_repeat0_fold0_sample0,aime,ok,,18,18,21,573,144,80,6,2,4,4,0.3950596008730713,0.005452638000008392,5.905052822805388,,,,0.3950596008730713,0.09791992705487951,0.2971396738181918,0.2510478114767886,0.2740937426474902,0.2125,0.22332875457875456,1.8909382470348028
3560,analcatdata_dmft,openml_repeat0_fold0_sample0,diff_fpde,ok,,19,19,21,573,144,80,6,2,4,4,0.38534885140775765,0.004178717000002052,0.41451736696962194,0.29444142153045527,,3.3306690738754696e-16,0.38534885140775765,0.09087974827026431,0.29446910313749336,0.20809045816140675,0.25127978064945006,0.2125,0.22332875457875456,1.8909382470348028
3560,analcatdata_dmft,openml_repeat0_fold0_sample0,cos_fpde,ok,,19,19,21,573,144,80,6,2,4,4,0.38534885140775765,0.004250452000007954,0.5342438476231502,0.24104449178797321,,0.0,0.38534885140775765,0.08785586340356492,0.2974929880041927,0.2797327153070912,0.288612851655642,0.2125,0.22332875457875456,1.8909382470348028
3560,analcatdata_dmft,openml_repeat0_fold0_sample0,hyb_fpde_grid,ok,,19,19,21,573,144,80,6,2,4,4,0.38534885140775765,0.006552282000001242,0.9739543473764876,0.6584964190545823,0.8,0.0,0.38534885140775765,0.08947829748056949,0.2958705539271882,0.22030119499842304,0.2580858744628056,0.2125,0.22332875457875456,1.8909382470348028
3560,analcatdata_dmft,openml_repeat0_fold0_sample0,shap,ok,,19,19,21,573,144,80,6,2,4,4,0.38534885140775765,0.20947744199999363,2.085731519617507,,,,0.38534885140775765,0.09200721488121447,0.2933416365265432,0.29826143561129514,0.2958015360689192,0.2125,0.22332875457875456,1.8909382470348028
3560,analcatdata_dmft,openml_repeat0_fold0_sample0,lime,ok,,19,19,21,573,144,80,6,2,4,4,0.38534885140775765,0.016487906000008934,0.09782780623891178,,,,0.38534885140775765,0.28383655845077144,0.10151229295698622,0.08611993856469158,0.0938161157608389,0.2125,0.22332875457875456,1.8909382470348028
3560,analcatdata_dmft,openml_repeat0_fold0_sample0,aime,ok,,19,19,21,573,144,80,6,2,4,4,0.38534885140775765,0.005515726000012933,6.253290673707173,,,,0.38534885140775765,0.10909329575404031,0.27625555565371734,0.2925095963090075,0.2843825759813624,0.2125,0.22332875457875456,1.8909382470348028
3560,analcatdata_dmft,openml_repeat0_fold0_sample0,diff_fpde,ok,,20,20,21,573,144,80,6,2,5,5,0.7166001555955739,0.0042491690000048266,0.6129909135773361,0.39544038620356836,,-1.1102230246251565e-16,0.7166001555955739,0.27157912502768494,0.44502103056788894,0.34058255548666955,0.39280179302727924,0.2125,0.22332875457875456,1.8909382470348028
3560,analcatdata_dmft,openml_repeat0_fold0_sample0,cos_fpde,ok,,20,20,21,573,144,80,6,2,5,5,0.7166001555955739,0.004297088000001281,0.887203064095276,0.5074210929582831,,1.1102230246251565e-16,0.7166001555955739,0.2888064621000158,0.42779369349555807,0.29845587499428816,0.3631247842449231,0.2125,0.22332875457875456,1.8909382470348028
3560,analcatdata_dmft,openml_repeat0_fold0_sample0,hyb_fpde_grid,ok,,20,20,21,573,144,80,6,2,5,5,0.7166001555955739,0.006620279000003393,1.0000000000000002,0.6304666182630122,0.8,1.1102230246251565e-16,0.7166001555955739,0.27157912502768494,0.44502103056788894,0.34058255548666955,0.39280179302727924,0.2125,0.22332875457875456,1.8909382470348028
3560,analcatdata_dmft,openml_repeat0_fold0_sample0,shap,ok,,20,20,21,573,144,80,6,2,5,5,0.7166001555955739,0.21039302300000884,2.6389848849596067,,,,0.7166001555955739,0.2196683826074288,0.49693177298814506,0.43326078085156294,0.465096276919854,0.2125,0.22332875457875456,1.8909382470348028
3560,analcatdata_dmft,openml_repeat0_fold0_sample0,lime,ok,,20,20,21,573,144,80,6,2,5,5,0.7166001555955739,0.0157452580000097,0.1481608505051367,,,,0.7166001555955739,0.46758028682628633,0.24901986876928756,0.17696377025993376,0.21299181951461066,0.2125,0.22332875457875456,1.8909382470348028
3560,analcatdata_dmft,openml_repeat0_fold0_sample0,aime,ok,,20,20,21,573,144,80,6,2,5,5,0.7166001555955739,0.005424816000001442,2.5621783934865223,,,,0.7166001555955739,0.20652715834203556,0.5100729972535383,0.3310967551151318,0.42058487618433504,0.2125,0.22332875457875456,1.8909382470348028
3560,analcatdata_dmft,openml_repeat0_fold0_sample0,diff_fpde,ok,,21,21,21,573,144,80,6,2,5,5,0.7166001555955739,0.004190168999997468,0.6129909135773361,0.39544038620356836,,-1.1102230246251565e-16,0.7166001555955739,0.27157912502768494,0.44502103056788894,0.34058255548666955,0.39280179302727924,0.2125,0.22332875457875456,1.8909382470348028
3560,analcatdata_dmft,openml_repeat0_fold0_sample0,cos_fpde,ok,,21,21,21,573,144,80,6,2,5,5,0.7166001555955739,0.004279324999998835,0.887203064095276,0.5074210929582831,,1.1102230246251565e-16,0.7166001555955739,0.2888064621000158,0.42779369349555807,0.29845587499428816,0.3631247842449231,0.2125,0.22332875457875456,1.8909382470348028
3560,analcatdata_dmft,openml_repeat0_fold0_sample0,hyb_fpde_grid,ok,,21,21,21,573,144,80,6,2,5,5,0.7166001555955739,0.006599590999996963,1.0000000000000002,0.6304666182630122,0.8,1.1102230246251565e-16,0.7166001555955739,0.27157912502768494,0.44502103056788894,0.34058255548666955,0.39280179302727924,0.2125,0.22332875457875456,1.8909382470348028
3560,analcatdata_dmft,openml_repeat0_fold0_sample0,shap,ok,,21,21,21,573,144,80,6,2,5,5,0.7166001555955739,0.21039496599999552,2.6389848849596067,,,,0.7166001555955739,0.2196683826074288,0.49693177298814506,0.43326078085156294,0.465096276919854,0.2125,0.22332875457875456,1.8909382470348028
3560,analcatdata_dmft,openml_repeat0_fold0_sample0,lime,ok,,21,21,21,573,144,80,6,2,5,5,0.7166001555955739,0.01581043000000193,0.1848441632834026,,,,0.7166001555955739,0.4950031953917084,0.2215969602038655,0.1811266469619512,0.20136180358290834,0.2125,0.22332875457875456,1.8909382470348028
3560,analcatdata_dmft,openml_repeat0_fold0_sample0,aime,ok,,21,21,21,573,144,80,6,2,5,5,0.7166001555955739,0.005483654999991927,2.5621783934865223,,,,0.7166001555955739,0.20652715834203556,0.5100729972535383,0.3310967551151318,0.42058487618433504,0.2125,0.22332875457875456,1.8909382470348028
3560,analcatdata_dmft,openml_repeat0_fold0_sample0,diff_fpde,ok,,22,22,21,573,144,80,6,2,3,3,0.3349827669599332,0.004215627000007771,0.8564074295964119,0.03726795277725527,,1.3877787807814457e-17,0.3349827669599332,0.3481595782071325,-0.013176811247199327,0.3289126878483049,0.1578679383005528,0.2125,0.22332875457875456,1.8909382470348028
3560,analcatdata_dmft,openml_repeat0_fold0_sample0,cos_fpde,ok,,22,22,21,573,144,80,6,2,3,3,0.3349827669599332,0.00425258499998904,1.2000847209963492,0.10777867753001835,,2.7755575615628914e-17,0.3349827669599332,0.3542458717885355,-0.01926310482860233,0.34430057019669225,0.16251873268404496,0.2125,0.22332875457875456,1.8909382470348028
3560,analcatdata_dmft,openml_repeat0_fold0_sample0,hyb_fpde_grid,ok,,22,22,21,573,144,80,6,2,3,3,0.3349827669599332,0.0065750050000019655,0.9995743028473845,0.052775137155828794,0.8,-1.3877787807814457e-17,0.3349827669599332,0.34174461545792695,-0.006761848497993772,0.32677871353832644,0.16000843252016633,0.2125,0.22332875457875456,1.8909382470348028
3560,analcatdata_dmft,openml_repeat0_fold0_sample0,shap,ok,,22,22,21,573,144,80,6,2,3,3,0.3349827669599332,0.21046397599999978,1.3642609462986581,,,,0.3349827669599332,0.24041809365804784,0.09456467330188534,0.33985921464278124,0.2172119439723333,0.2125,0.22332875457875456,1.8909382470348028
3560,analcatdata_dmft,openml_repeat0_fold0_sample0,lime,ok,,22,22,21,573,144,80,6,2,3,3,0.3349827669599332,0.015675618000003055,0.16737344853830746,,,,0.3349827669599332,0.44290182429795805,-0.10791905733802487,0.2294083256056112,0.06074463413379316,0.2125,0.22332875457875456,1.8909382470348028
3560,analcatdata_dmft,openml_repeat0_fold0_sample0,aime,ok,,22,22,21,573,144,80,6,2,3,3,0.3349827669599332,0.00543716800000027,2.4283176263683997,,,,0.3349827669599332,0.307684278531183,0.027298488428750156,0.3816399950053287,0.20446924171703942,0.2125,0.22332875457875456,1.8909382470348028
3560,analcatdata_dmft,openml_repeat0_fold0_sample0,diff_fpde,ok,,23,23,21,573,144,80,6,2,2,2,0.6239889614035586,0.004195758999998134,0.7072636522163573,-0.09618610497697891,,8.326672684688674e-17,0.6239889614035586,0.14909425678120009,0.47489470462235855,0.2850540202948166,0.37997436245858757,0.2125,0.22332875457875456,1.8909382470348028
3560,analcatdata_dmft,openml_repeat0_fold0_sample0,cos_fpde,ok,,23,23,21,573,144,80,6,2,2,2,0.6239889614035586,0.00426307500001144,0.8698210540013307,-0.05907754884174274,,8.326672684688674e-17,0.6239889614035586,0.14752395822542838,0.47646500317813023,0.28265397582332685,0.37955948950072854,0.2125,0.22332875457875456,1.8909382470348028
3560,analcatdata_dmft,openml_repeat0_fold0_sample0,hyb_fpde_grid,ok,,23,23,21,573,144,80,6,2,2,2,0.6239889614035586,0.006544777000002,0.999841327112434,-0.1223818582931741,0.8,-4.163336342344337e-17,0.6239889614035586,0.15045737992502067,0.47353158147853797,0.2890946754526129,0.3813131284655754,0.2125,0.22332875457875456,1.8909382470348028
3560,analcatdata_dmft,openml_repeat0_fold0_sample0,shap,ok,,23,23,21,573,144,80,6,2,2,2,0.6239889614035586,0.20994523600001003,2.53307312578968,,,,0.6239889614035586,0.16000730618982506,0.4639816552137336,0.3833323088008711,0.42365698200730234,0.2125,0.22332875457875456,1.8909382470348028
3560,analcatdata_dmft,openml_repeat0_fold0_sample0,lime,ok,,23,23,21,573,144,80,6,2,2,2,0.6239889614035586,0.01602929800000652,0.135177790649162,,,,0.6239889614035586,0.30125769661840973,0.3227312647851489,0.16696109268694848,0.2448461787360487,0.2125,0.22332875457875456,1.8909382470348028
3560,analcatdata_dmft,openml_repeat0_fold0_sample0,aime,ok,,23,23,21,573,144,80,6,2,2,2,0.6239889614035586,0.005484658000000309,4.273070572711771,,,,0.6239889614035586,0.22055508348430464,0.403433877919254,0.30736975577238834,0.3554018168458212,0.2125,0.22332875457875456,1.8909382470348028
3560,analcatdata_dmft,openml_repeat0_fold0_sample0,diff_fpde,ok,,24,24,21,573,144,80,6,2,1,1,0.2641138465174227,0.004212330999990854,0.6652693128916076,0.2748082199983207,,1.1102230246251565e-16,0.2641138465174227,0.22947623863112426,0.03463760788629844,0.28623201047254215,0.1604348091794203,0.2125,0.22332875457875456,1.8909382470348028
3560,analcatdata_dmft,openml_repeat0_fold0_sample0,cos_fpde,ok,,24,24,21,573,144,80,6,2,1,1,0.2641138465174227,0.004271241000012083,1.0441076141534171,0.43456618654805285,,0.0,0.2641138465174227,0.24095334994584744,0.023160496571575262,0.2862303933650974,0.15469544496833634,0.2125,0.22332875457875456,1.8909382470348028
3560,analcatdata_dmft,openml_repeat0_fold0_sample0,hyb_fpde_grid,ok,,24,24,21,573,144,80,6,2,1,1,0.2641138465174227,0.006640728000007812,0.9951406806828242,0.4137041704483047,0.8,5.551115123125783e-17,0.2641138465174227,0.22947623863112426,0.03463760788629844,0.28623201047254215,0.1604348091794203,0.2125,0.22332875457875456,1.8909382470348028
3560,analcatdata_dmft,openml_repeat0_fold0_sample0,shap,ok,,24,24,21,573,144,80,6,2,1,1,0.2641138465174227,0.21053149100001178,1.6487519390117382,,,,0.2641138465174227,0.10796446205065222,0.15614938446677049,0.3317037281774291,0.2439265563220998,0.2125,0.22332875457875456,1.8909382470348028
3560,analcatdata_dmft,openml_repeat0_fold0_sample0,lime,ok,,24,24,21,573,144,80,6,2,1,1,0.2641138465174227,0.015597181000003957,0.19423569059061685,,,,0.2641138465174227,0.3682387731345016,-0.1041249266170789,0.15982355968915224,0.027849316536036672,0.2125,0.22332875457875456,1.8909382470348028
3560,analcatdata_dmft,openml_repeat0_fold0_sample0,aime,ok,,24,24,21,573,144,80,6,2,1,1,0.2641138465174227,0.005434894000003965,2.252264511148519,,,,0.2641138465174227,0.1280742892889134,0.1360395572285093,0.2703607041412545,0.2032001306848819,0.2125,0.22332875457875456,1.8909382470348028
3560,analcatdata_dmft,openml_repeat0_fold0_sample0,diff_fpde,ok,,25,25,21,573,144,80,6,2,5,5,0.27573179221078403,0.004184667999993508,0.6939056516433113,0.35857578152153746,,-7.771561172376096e-16,0.27573179221078403,0.08831857551001171,0.18741321670077232,0.2329396315898804,0.21017642414532636,0.2125,0.22332875457875456,1.8909382470348028
3560,analcatdata_dmft,openml_repeat0_fold0_sample0,cos_fpde,ok,,25,25,21,573,144,80,6,2,5,5,0.27573179221078403,0.004263134999987983,1.0192172986070083,0.4969727233361463,,-1.1102230246251565e-16,0.27573179221078403,0.08735421410872174,0.1883775781020623,0.20379045089756997,0.19608401449981613,0.2125,0.22332875457875456,1.8909382470348028
3560,analcatdata_dmft,openml_repeat0_fold0_sample0,hyb_fpde_grid,ok,,25,25,21,573,144,80,6,2,5,5,0.27573179221078403,0.006675923000003081,1.0,0.5109205063197344,0.8,0.0,0.27573179221078403,0.08831857551001171,0.18741321670077232,0.2329396315898804,0.21017642414532636,0.2125,0.22332875457875456,1.8909382470348028
3560,analcatdata_dmft,openml_repeat0_fold0_sample0,shap,ok,,25,25,21,573,144,80,6,2,5,5,0.27573179221078403,0.21205363599999316,1.5228845877449921,,,,0.27573179221078403,0.06750639361023124,0.20822539860055278,0.31754739956434697,0.2628863990824499,0.2125,0.22332875457875456,1.8909382470348028
3560,analcatdata_dmft,openml_repeat0_fold0_sample0,lime,ok,,25,25,21,573,144,80,6,2,5,5,0.27573179221078403,0.015773391000010406,0.14890597931566402,,,,0.27573179221078403,0.34734508364875966,-0.07161329143797562,0.0689043215201621,-0.0013544849589067626,0.2125,0.22332875457875456,1.8909382470348028
3560,analcatdata_dmft,openml_repeat0_fold0_sample0,aime,ok,,25,25,21,573,144,80,6,2,5,5,0.27573179221078403,0.005464209000010101,3.305507353579036,,,,0.27573179221078403,0.07557046715922663,0.2001613250515574,0.2687251512519481,0.23444323815175278,0.2125,0.22332875457875456,1.8909382470348028
3560,analcatdata_dmft,openml_repeat0_fold0_sample0,diff_fpde,ok,,26,26,21,573,144,80,6,2,5,5,0.3195398101199391,0.0041620359999967604,0.479533729109554,0.36259682527011955,,-1.6653345369377348e-16,0.3195398101199391,0.1787494151448038,0.1407903949751353,0.17742677630351866,0.15910858563932698,0.2125,0.22332875457875456,1.8909382470348028
3560,analcatdata_dmft,openml_repeat0_fold0_sample0,cos_fpde,ok,,26,26,21,573,144,80,6,2,5,5,0.3195398101199391,0.004218210999994199,0.6534551588805546,0.4922657735736966,,0.0,0.3195398101199391,0.1787494151448038,0.1407903949751353,0.17742677630351866,0.15910858563932698,0.2125,0.22332875457875456,1.8909382470348028
3560,analcatdata_dmft,openml_repeat0_fold0_sample0,hyb_fpde_grid,ok,,26,26,21,573,144,80,6,2,5,5,0.3195398101199391,0.006616822000012235,1.0,0.7555811656945723,0.8,0.0,0.3195398101199391,0.1787494151448038,0.1407903949751353,0.17742677630351866,0.15910858563932698,0.2125,0.22332875457875456,1.8909382470348028
3560,analcatdata_dmft,openml_repeat0_fold0_sample0,shap,ok,,26,26,21,573,144,80,6,2,5,5,0.3195398101199391,0.21107591899999534,2.301570855374934,,,,0.3195398101199391,0.09309412967146713,0.22644568044847196,0.3071957778561678,0.2668207291523199,0.2125,0.22332875457875456,1.8909382470348028
3560,analcatdata_dmft,openml_repeat0_fold0_sample0,lime,ok,,26,26,21,573,144,80,6,2,5,5,0.3195398101199391,0.01565855600000532,0.1326425312325045,,,,0.3195398101199391,0.3394196977786395,-0.019879887658700413,0.08473050193098514,0.03242530713614236,0.2125,0.22332875457875456,1.8909382470348028
3560,analcatdata_dmft,openml_repeat0_fold0_sample0,aime,ok,,26,26,21,573,144,80,6,2,5,5,0.3195398101199391,0.005451204999999959,3.568147294192327,,,,0.3195398101199391,0.09521022076383022,0.22432958935610886,0.25115475809151205,0.23774217372381046,0.2125,0.22332875457875456,1.8909382470348028
3560,analcatdata_dmft,openml_repeat0_fold0_sample0,diff_fpde,ok,,27,27,21,573,144,80,6,2,2,2,0.23593563180131516,0.004203313000004982,0.5735403778984137,-0.10838851560393453,,7.216449660063518e-16,0.23593563180131516,0.15050318356750494,0.08543244823381022,0.22899996407788492,0.15721620615584758,0.2125,0.22332875457875456,1.8909382470348028
3560,analcatdata_dmft,openml_repeat0_fold0_sample0,cos_fpde,ok,,27,27,21,573,144,80,6,2,2,2,0.23593563180131516,0.004236294999998336,0.77476972339997,-0.10542562299049446,,5.551115123125783e-17,0.23593563180131516,0.13540931646352383,0.10052631533779133,0.23511627364697735,0.16782129449238434,0.2125,0.22332875457875456,1.8909382470348028
3560,analcatdata_dmft,openml_repeat0_fold0_sample0,hyb_fpde_grid,ok,,27,27,21,573,144,80,6,2,2,2,0.23593563180131516,0.006552081999998904,0.9999999999999999,-0.17839989129473247,0.8,2.7755575615628914e-17,0.23593563180131516,0.15108382218936217,0.08485180961195299,0.23508606524502612,0.15996893742848955,0.2125,0.22332875457875456,1.8909382470348028
3560,analcatdata_dmft,openml_repeat0_fold0_sample0,shap,ok,,27,27,21,573,144,80,6,2,2,2,0.23593563180131516,0.2108896410000085,1.770694151977636,,,,0.23593563180131516,0.10795221785229744,0.12798341394901772,0.2804088713348717,0.2041961426419447,0.2125,0.22332875457875456,1.8909382470348028
3560,analcatdata_dmft,openml_repeat0_fold0_sample0,lime,ok,,27,27,21,573,144,80,6,2,2,2,0.23593563180131516,0.016073701999999912,0.1325669472844171,,,,0.23593563180131516,0.24410627389126568,-0.008170642089950525,0.06593926971567718,0.028884313812863327,0.2125,0.22332875457875456,1.8909382470348028
3560,analcatdata_dmft,openml_repeat0_fold0_sample0,aime,ok,,27,27,21,573,144,80,6,2,2,2,0.23593563180131516,0.005479257000004623,5.67329296785048,,,,0.23593563180131516,0.11335265062787933,0.12258298117343583,0.25258316500762634,0.18758307309053107,0.2125,0.22332875457875456,1.8909382470348028
3560,analcatdata_dmft,openml_repeat0_fold0_sample0,diff_fpde,ok,,28,28,21,573,144,80,6,4,3,3,0.5305407286130973,0.004166995999995038,0.49123814238735236,0.06831977744008874,,-2.498001805406602e-16,0.5305407286130973,0.30982147831622386,0.22071925029687345,0.33521255343396444,0.2779659018654189,0.2125,0.22332875457875456,1.8909382470348028
3560,analcatdata_dmft,openml_repeat0_fold0_sample0,cos_fpde,ok,,28,28,21,573,144,80,6,4,3,3,0.5305407286130973,0.004225976000000742,0.9228968693720352,0.1359368458311523,,5.551115123125783e-17,0.5305407286130973,0.30982147831622386,0.22071925029687345,0.33521255343396444,0.2779659018654189,0.2125,0.22332875457875456,1.8909382470348028
3560,analcatdata_dmft,openml_repeat0_fold0_sample0,hyb_fpde_grid,ok,,28,28,21,573,144,80,6,4,3,3,0.5305407286130973,0.006628324000004682,0.9999753609229999,0.14072008565580324,0.8,-2.7755575615628914e-17,0.5305407286130973,0.30982147831622386,0.22071925029687345,0.33521255343396444,0.2779659018654189,0.2125,0.22332875457875456,1.8909382470348028
3560,analcatdata_dmft,openml_repeat0_fold0_sample0,shap,ok,,28,28,21,573,144,80,6,4,3,3,0.5305407286130973,0.22691197700000032,1.4825304710075082,,,,0.5305407286130973,0.27265436553478267,0.25788636307831464,0.41086676485026974,0.33437656396429216,0.2125,0.22332875457875456,1.8909382470348028
3560,analcatdata_dmft,openml_repeat0_fold0_sample0,lime,ok,,28,28,21,573,144,80,6,4,3,3,0.5305407286130973,0.015865042000001495,0.18025843903366418,,,,0.5305407286130973,0.440412832426084,0.09012789618701333,0.19000781678290873,0.14006785648496103,0.2125,0.22332875457875456,1.8909382470348028
3560,analcatdata_dmft,openml_repeat0_fold0_sample0,aime,ok,,28,28,21,573,144,80,6,4,3,3,0.5305407286130973,0.005492332000002875,2.716395618250915,,,,0.5305407286130973,0.23496708750902046,0.29557364110407686,0.366783564214028,0.3311786026590524,0.2125,0.22332875457875456,1.8909382470348028
3560,analcatdata_dmft,openml_repeat0_fold0_sample0,diff_fpde,ok,,29,29,21,573,144,80,6,4,1,1,0.42610579268883786,0.004207550999993259,0.6939885776820216,-0.30293970794432445,,-1.1102230246251565e-16,0.42610579268883786,0.16221480764095403,0.26389098504788383,0.3679209526904793,0.31590596886918154,0.2125,0.22332875457875456,1.8909382470348028
3560,analcatdata_dmft,openml_repeat0_fold0_sample0,cos_fpde,ok,,29,29,21,573,144,80,6,4,1,1,0.42610579268883786,0.004246575000010466,1.2142915935005265,-0.46897827369893735,,0.0,0.42610579268883786,0.1653204412333022,0.26078535145553566,0.355046658548021,0.3079160050017783,0.2125,0.22332875457875456,1.8909382470348028
3560,analcatdata_dmft,openml_repeat0_fold0_sample0,hyb_fpde_grid,ok,,29,29,21,573,144,80,6,4,1,1,0.42610579268883786,0.006586075000001301,1.0,-0.42645889198954956,0.8,0.0,0.42610579268883786,0.16221480764095403,0.26389098504788383,0.3679209526904793,0.31590596886918154,0.2125,0.22332875457875456,1.8909382470348028
3560,analcatdata_dmft,openml_repeat0_fold0_sample0,shap,ok,,29,29,21,573,144,80,6,4,1,1,0.42610579268883786,0.21190235299999927,2.558340889960213,,,,0.42610579268883786,0.14245728299920152,0.28364850968963634,0.3759777496271942,0.32981312965841525,0.2125,0.22332875457875456,1.8909382470348028
3560,analcatdata_dmft,openml_repeat0_fold0_sample0,lime,ok,,29,29,21,573,144,80,6,4,1,1,0.42610579268883786,0.015807723999998302,0.19942577784080476,,,,0.42610579268883786,0.4135858612240945,0.012519931464743339,0.1538064012928492,0.08316316637879627,0.2125,0.22332875457875456,1.8909382470348028
3560,analcatdata_dmft,openml_repeat0_fold0_sample0,aime,ok,,29,29,21,573,144,80,6,4,1,1,0.42610579268883786,0.005451105000005896,2.4151336484003605,,,,0.42610579268883786,0.16086518826842117,0.2652406044204167,0.34858982247708536,0.30691521344875106,0.2125,0.22332875457875456,1.8909382470348028
3560,analcatdata_dmft,openml_repeat0_fold0_sample0,diff_fpde,ok,,30,30,21,573,144,80,6,4,4,4,0.5365905858818183,0.004135105999992561,0.8781859023442636,0.6397532633372901,,1.1102230246251565e-16,0.5365905858818183,0.11004281140496341,0.4265477744768549,0.2903263719728052,0.35843707322483004,0.2125,0.22332875457875456,1.8909382470348028
3560,analcatdata_dmft,openml_repeat0_fold0_sample0,cos_fpde,ok,,30,30,21,573,144,80,6,4,4,4,0.5365905858818183,0.0042051169999979265,0.9988112699061735,0.7117491953725206,,-1.1102230246251565e-16,0.5365905858818183,0.11394313133041506,0.42264745455140323,0.23372758637834395,0.3281875204648736,0.2125,0.22332875457875456,1.8909382470348028
3560,analcatdata_dmft,openml_repeat0_fold0_sample0,hyb_fpde_grid,ok,,30,30,21,573,144,80,6,4,4,4,0.5365905858818183,0.0065323249999948985,0.9999999999999999,0.72531454946383,0.8,0.0,0.5365905858818183,0.11394313133041506,0.42264745455140323,0.23372758637834395,0.3281875204648736,0.2125,0.22332875457875456,1.8909382470348028
3560,analcatdata_dmft,openml_repeat0_fold0_sample0,shap,ok,,30,30,21,573,144,80,6,4,4,4,0.5365905858818183,0.2103666240000024,1.8389381826501876,,,,0.5365905858818183,0.07942366251854183,0.45716692336327647,0.3743009560477363,0.4157339397055064,0.2125,0.22332875457875456,1.8909382470348028
3560,analcatdata_dmft,openml_repeat0_fold0_sample0,lime,ok,,30,30,21,573,144,80,6,4,4,4,0.5365905858818183,0.015825046999992765,0.11123351610738286,,,,0.5365905858818183,0.33811727566308897,0.19847331021872933,0.11985528949876291,0.1591642998587461,0.2125,0.22332875457875456,1.8909382470348028
3560,analcatdata_dmft,openml_repeat0_fold0_sample0,aime,ok,,30,30,21,573,144,80,6,4,4,4,0.5365905858818183,0.005481520999992995,5.2345609512748865,,,,0.5365905858818183,0.1347106797467231,0.40187990613509517,0.33292560999155424,0.3674027580633247,0.2125,0.22332875457875456,1.8909382470348028
3560,analcatdata_dmft,openml_repeat0_fold0_sample0,diff_fpde,ok,,31,31,21,573,144,80,6,4,1,1,0.2641138465174227,0.0041956689999977925,0.6652693128916076,0.2748082199983207,,1.1102230246251565e-16,0.2641138465174227,0.22947623863112426,0.03463760788629844,0.28623201047254215,0.1604348091794203,0.2125,0.22332875457875456,1.8909382470348028
3560,analcatdata_dmft,openml_repeat0_fold0_sample0,cos_fpde,ok,,31,31,21,573,144,80,6,4,1,1,0.2641138465174227,0.0042609719999973095,1.0441076141534171,0.43456618654805285,,0.0,0.2641138465174227,0.24095334994584744,0.023160496571575262,0.2862303933650974,0.15469544496833634,0.2125,0.22332875457875456,1.8909382470348028
3560,analcatdata_dmft,openml_repeat0_fold0_sample0,hyb_fpde_grid,ok,,31,31,21,573,144,80,6,4,1,1,0.2641138465174227,0.006615990999989663,0.9951406806828242,0.4137041704483047,0.8,5.551115123125783e-17,0.2641138465174227,0.22947623863112426,0.03463760788629844,0.28623201047254215,0.1604348091794203,0.2125,0.22332875457875456,1.8909382470348028
3560,analcatdata_dmft,openml_repeat0_fold0_sample0,shap,ok,,31,31,21,573,144,80,6,4,1,1,0.2641138465174227,0.21051900799999146,1.6487519390117382,,,,0.2641138465174227,0.10796446205065222,0.15614938446677049,0.3317037281774291,0.2439265563220998,0.2125,0.22332875457875456,1.8909382470348028
3560,analcatdata_dmft,openml_repeat0_fold0_sample0,lime,ok,,31,31,21,573,144,80,6,4,1,1,0.2641138465174227,0.016366337999997427,0.19731076495692973,,,,0.2641138465174227,0.3382161976077531,-0.07410235109033042,0.13453331666271637,0.030215482786192974,0.2125,0.22332875457875456,1.8909382470348028
3560,analcatdata_dmft,openml_repeat0_fold0_sample0,aime,ok,,31,31,21,573,144,80,6,4,1,1,0.2641138465174227,0.005399558000007687,2.252264511148519,,,,0.2641138465174227,0.1280742892889134,0.1360395572285093,0.2703607041412545,0.2032001306848819,0.2125,0.22332875457875456,1.8909382470348028
3560,analcatdata_dmft,openml_repeat0_fold0_sample0,diff_fpde,ok,,32,32,21,573,144,80,6,4,5,5,0.24501607190661234,0.0042120100000033744,0.6982356336553357,-0.3681811586355445,,-3.885780586188048e-16,0.24501607190661234,0.06819478106044868,0.17682129084616366,0.28787937562653154,0.2323503332363476,0.2125,0.22332875457875456,1.8909382470348028
3560,analcatdata_dmft,openml_repeat0_fold0_sample0,cos_fpde,ok,,32,32,21,573,144,80,6,4,5,5,0.24501607190661234,0.004267212999991443,1.0769936049470443,-0.46883786441968534,,0.0,0.24501607190661234,0.06876876752607886,0.1762473043805335,0.26435590402419884,0.22030160420236616,0.2125,0.22332875457875456,1.8909382470348028
3560,analcatdata_dmft,openml_repeat0_fold0_sample0,hyb_fpde_grid,ok,,32,32,21,573,144,80,6,4,5,5,0.24501607190661234,0.006607674999997926,1.0,-0.5089059161857223,0.8,1.1102230246251565e-16,0.24501607190661234,0.06770910069084649,0.17730697121576586,0.28303550941917616,0.230171240317471,0.2125,0.22332875457875456,1.8909382470348028
3560,analcatdata_dmft,openml_repeat0_fold0_sample0,shap,ok,,32,32,21,573,144,80,6,4,5,5,0.24501607190661234,0.21025094800000943,1.7129393727079418,,,,0.24501607190661234,0.08238048467060974,0.1626355872360026,0.2992165230606853,0.23092605514834397,0.2125,0.22332875457875456,1.8909382470348028
3560,analcatdata_dmft,openml_repeat0_fold0_sample0,lime,ok,,32,32,21,573,144,80,6,4,5,5,0.24501607190661234,0.01583631900000171,0.13401679355130802,,,,0.24501607190661234,0.3615420319341688,-0.11652596002755644,0.0732354365458048,-0.021645261740875818,0.2125,0.22332875457875456,1.8909382470348028
3560,analcatdata_dmft,openml_repeat0_fold0_sample0,aime,ok,,32,32,21,573,144,80,6,4,5,5,0.24501607190661234,0.005436408000008441,3.8221585080728064,,,,0.24501607190661234,0.05351198328165535,0.191504088624957,0.3115521328323577,0.25152811072865733,0.2125,0.22332875457875456,1.8909382470348028
3560,analcatdata_dmft,openml_repeat0_fold0_sample0,diff_fpde,ok,,33,33,21,573,144,80,6,4,3,3,0.39194602255582844,0.00418433799998752,0.6117527495608875,-0.0761551376341991,,2.7755575615628914e-17,0.39194602255582844,0.290707709335768,0.10123831322006044,0.35760535206040045,0.22942183264023044,0.2125,0.22332875457875456,1.8909382470348028
3560,analcatdata_dmft,openml_repeat0_fold0_sample0,cos_fpde,ok,,33,33,21,573,144,80,6,4,3,3,0.39194602255582844,0.004217048999990425,0.9232008941137694,-0.003908052708013102,,-1.3877787807814457e-17,0.39194602255582844,0.3105797217560832,0.08136630079974522,0.357528387453965,0.2194473441268551,0.2125,0.22332875457875456,1.8909382470348028
3560,analcatdata_dmft,openml_repeat0_fold0_sample0,hyb_fpde_grid,ok,,33,33,21,573,144,80,6,4,3,3,0.39194602255582844,0.006543455999988623,0.9999999999999999,-0.10043606509929304,0.8,0.0,0.39194602255582844,0.2889448556045526,0.10300116695127587,0.3540652896534552,0.22853322830236553,0.2125,0.22332875457875456,1.8909382470348028
3560,analcatdata_dmft,openml_repeat0_fold0_sample0,shap,ok,,33,33,21,573,144,80,6,4,3,3,0.39194602255582844,0.21018623599999842,1.4969090987643527,,,,0.39194602255582844,0.21047012873990634,0.1814758938159221,0.3301432392038094,0.25580956650986575,0.2125,0.22332875457875456,1.8909382470348028
3560,analcatdata_dmft,openml_repeat0_fold0_sample0,lime,ok,,33,33,21,573,144,80,6,4,3,3,0.39194602255582844,0.01556686499999671,0.16575597001906717,,,,0.39194602255582844,0.44418593008337076,-0.05223990752754232,0.20089498931171304,0.07432754089208536,0.2125,0.22332875457875456,1.8909382470348028
3560,analcatdata_dmft,openml_repeat0_fold0_sample0,aime,ok,,33,33,21,573,144,80,6,4,3,3,0.39194602255582844,0.005424484999991819,4.45440442749845,,,,0.39194602255582844,0.29551008093083775,0.0964359416249907,0.39874206015636043,0.24758900089067556,0.2125,0.22332875457875456,1.8909382470348028
3560,analcatdata_dmft,openml_repeat0_fold0_sample0,diff_fpde,ok,,34,34,21,573,144,80,6,4,1,1,0.4618432835566339,0.004187434000002099,0.477530365583072,0.4035626312844251,,3.885780586188048e-16,0.4618432835566339,0.26695353564483404,0.19488974791179986,0.3000095189021082,0.24744963340695403,0.2125,0.22332875457875456,1.8909382470348028
3560,analcatdata_dmft,openml_repeat0_fold0_sample0,cos_fpde,ok,,34,34,21,573,144,80,6,4,1,1,0.4618432835566339,0.004185419999998885,0.9142845029534518,0.7786311225491495,,-1.1102230246251565e-16,0.4618432835566339,0.26695353564483404,0.19488974791179986,0.3000095189021082,0.24744963340695403,0.2125,0.22332875457875456,1.8909382470348028
3560,analcatdata_dmft,openml_repeat0_fold0_sample0,hyb_fpde_grid,ok,,34,34,21,573,144,80,6,4,1,1,0.4618432835566339,0.006543546000003175,0.9997495819788821,0.8464086640913433,0.8,0.0,0.4618432835566339,0.26695353564483404,0.19488974791179986,0.3000095189021082,0.24744963340695403,0.2125,0.22332875457875456,1.8909382470348028
3560,analcatdata_dmft,openml_repeat0_fold0_sample0,shap,ok,,34,34,21,573,144,80,6,4,1,1,0.4618432835566339,0.21087662399999374,1.6256089478544153,,,,0.4618432835566339,0.20582337178137167,0.25601991177526223,0.34404025253645154,0.3000300821558569,0.2125,0.22332875457875456,1.8909382470348028
3560,analcatdata_dmft,openml_repeat0_fold0_sample0,lime,ok,,34,34,21,573,144,80,6,4,1,1,0.4618432835566339,0.01576000599999361,0.20960319987315262,,,,0.4618432835566339,0.3663883624845453,0.09545492107208858,0.17729234607782904,0.1363736335749588,0.2125,0.22332875457875456,1.8909382470348028
3560,analcatdata_dmft,openml_repeat0_fold0_sample0,aime,ok,,34,34,21,573,144,80,6,4,1,1,0.4618432835566339,0.005412302999999952,2.1282617556525034,,,,0.4618432835566339,0.21460123751285026,0.24724204604378364,0.2994473274299321,0.27334468673685786,0.2125,0.22332875457875456,1.8909382470348028
3560,analcatdata_dmft,openml_repeat0_fold0_sample0,diff_fpde,ok,,35,35,21,573,144,80,6,4,1,1,0.4070786996040526,0.004216618000000949,0.5020129192036031,-0.16790859461781288,,5.551115123125783e-17,0.4070786996040526,0.1672105717416202,0.23986812786243236,0.3265448827568736,0.28320650530965297,0.2125,0.22332875457875456,1.8909382470348028
3560,analcatdata_dmft,openml_repeat0_fold0_sample0,cos_fpde,ok,,35,35,21,573,144,80,6,4,1,1,0.4070786996040526,0.004277813000001629,0.6360890388455736,-0.2548123751182451,,5.551115123125783e-17,0.4070786996040526,0.18293965322393865,0.22413904638011392,0.31550515783484345,0.2698221021074787,0.2125,0.22332875457875456,1.8909382470348028
3560,analcatdata_dmft,openml_repeat0_fold0_sample0,hyb_fpde_grid,ok,,35,35,21,573,144,80,6,4,1,1,0.4070786996040526,0.006513769999997976,0.9874404715137264,-0.34769499278206417,0.8,0.0,0.4070786996040526,0.1699152879637286,0.23716341164032398,0.3238680963322631,0.2805157539862935,0.2125,0.22332875457875456,1.8909382470348028
3560,analcatdata_dmft,openml_repeat0_fold0_sample0,shap,ok,,35,35,21,573,144,80,6,4,1,1,0.4070786996040526,0.21048109699999884,1.9772057325868422,,,,0.4070786996040526,0.10133984307028657,0.305738856533766,0.3562082146254852,0.3309735355796256,0.2125,0.22332875457875456,1.8909382470348028
3560,analcatdata_dmft,openml_repeat0_fold0_sample0,lime,ok,,35,35,21,573,144,80,6,4,1,1,0.4070786996040526,0.015649619999990705,0.20613738676500842,,,,0.4070786996040526,0.450902974170854,-0.043824274566801436,0.10774652822837903,0.0319611268307888,0.2125,0.22332875457875456,1.8909382470348028
3560,analcatdata_dmft,openml_repeat0_fold0_sample0,aime,ok,,35,35,21,573,144,80,6,4,1,1,0.4070786996040526,0.005431638999993993,2.775420990557371,,,,0.4070786996040526,0.1074544442330764,0.29962425537097614,0.34424536060174965,0.32193480798636287,0.2125,0.22332875457875456,1.8909382470348028
3560,analcatdata_dmft,openml_repeat0_fold0_sample0,diff_fpde,ok,,36,36,21,573,144,80,6,4,4,4,0.270346361046861,0.004187713999996845,0.81090247092321,0.23374532854530428,,1.1102230246251565e-16,0.270346361046861,0.10037746011540769,0.1699689009314533,0.16173654474442306,0.16585272283793817,0.2125,0.22332875457875456,1.8909382470348028
3560,analcatdata_dmft,openml_repeat0_fold0_sample0,cos_fpde,ok,,36,36,21,573,144,80,6,4,4,4,0.270346361046861,0.004266100000009487,1.2269890717887981,0.33040134333313526,,-5.551115123125783e-17,0.270346361046861,0.09953809458401551,0.17080826646284547,0.2353493522502288,0.20307880935653713,0.2125,0.22332875457875456,1.8909382470348028
3560,analcatdata_dmft,openml_repeat0_fold0_sample0,hyb_fpde_grid,ok,,36,36,21,573,144,80,6,4,4,4,0.270346361046861,0.006550249000000008,0.9995504142392821,0.2844582844674053,0.8,-1.1102230246251565e-16,0.270346361046861,0.10037746011540769,0.1699689009314533,0.16173654474442306,0.16585272283793817,0.2125,0.22332875457875456,1.8909382470348028
3560,analcatdata_dmft,openml_repeat0_fold0_sample0,shap,ok,,36,36,21,573,144,80,6,4,4,4,0.270346361046861,0.2108278150000018,1.74217911011449,,,,0.270346361046861,0.06621884966957534,0.20412751137728566,0.2906870176802327,0.24740726452875916,0.2125,0.22332875457875456,1.8909382470348028
3560,analcatdata_dmft,openml_repeat0_fold0_sample0,lime,ok,,36,36,21,573,144,80,6,4,4,4,0.270346361046861,0.016406853999995974,0.08581310721230068,,,,0.270346361046861,0.3138434393977235,-0.04349707835086253,0.07566935971012373,0.0160861406796306,0.2125,0.22332875457875456,1.8909382470348028
3560,analcatdata_dmft,openml_repeat0_fold0_sample0,aime,ok,,36,36,21,573,144,80,6,4,4,4,0.270346361046861,0.005486080000011384,5.708408579957702,,,,0.270346361046861,0.09825871272111071,0.1720876483257503,0.26092183953698234,0.21650474393136632,0.2125,0.22332875457875456,1.8909382470348028
3560,analcatdata_dmft,openml_repeat0_fold0_sample0,diff_fpde,ok,,37,37,21,573,144,80,6,4,3,3,0.37077944166269594,0.0042601699999949005,0.7823022040806623,0.0625303285550949,,1.3877787807814457e-17,0.37077944166269594,0.3860243240460215,-0.015244882383325553,0.36664391173341737,0.1756995146750459,0.2125,0.22332875457875456,1.8909382470348028
3560,analcatdata_dmft,openml_repeat0_fold0_sample0,cos_fpde,ok,,37,37,21,573,144,80,6,4,3,3,0.37077944166269594,0.004316395000003581,1.182038145922567,0.2362777924042095,,1.3877787807814457e-16,0.37077944166269594,0.3980748714001582,-0.02729542973746224,0.3484500135329256,0.16057729189773168,0.2125,0.22332875457875456,1.8909382470348028
3560,analcatdata_dmft,openml_repeat0_fold0_sample0,hyb_fpde_grid,ok,,37,37,21,573,144,80,6,4,3,3,0.37077944166269594,0.0066637599999950226,0.9995458087856556,0.10392296575673379,0.8,8.326672684688674e-17,0.37077944166269594,0.3855500429839349,-0.014770601321238974,0.3631038493264722,0.17416662400261662,0.2125,0.22332875457875456,1.8909382470348028
3560,analcatdata_dmft,openml_repeat0_fold0_sample0,shap,ok,,37,37,21,573,144,80,6,4,3,3,0.37077944166269594,0.21128195400000038,1.0966487965518381,,,,0.37077944166269594,0.3162435828039386,0.054535858858757336,0.33104409158793224,0.1927899752233448,0.2125,0.22332875457875456,1.8909382470348028
3560,analcatdata_dmft,openml_repeat0_fold0_sample0,lime,ok,,37,37,21,573,144,80,6,4,3,3,0.37077944166269594,0.015776025000008076,0.16164028922142146,,,,0.37077944166269594,0.4616217864104649,-0.09084234474776898,0.24623804019873724,0.07769784772548413,0.2125,0.22332875457875456,1.8909382470348028
3560,analcatdata_dmft,openml_repeat0_fold0_sample0,aime,ok,,37,37,21,573,144,80,6,4,3,3,0.37077944166269594,0.005414797000000249,2.7650202552020557,,,,0.37077944166269594,0.3213905536649803,0.049388887997715625,0.39766346794550345,0.22352617797160954,0.2125,0.22332875457875456,1.8909382470348028
3560,analcatdata_dmft,openml_repeat0_fold0_sample0,diff_fpde,ok,,38,38,21,573,144,80,6,4,2,2,0.4709938598343881,0.004207822000012129,0.7459048237426615,-0.2133648964279598,,3.885780586188048e-16,0.4709938598343881,0.16090395708588923,0.31008990274849885,0.3312748484111129,0.32068237557980583,0.2125,0.22332875457875456,1.8909382470348028
3560,analcatdata_dmft,openml_repeat0_fold0_sample0,cos_fpde,ok,,38,38,21,573,144,80,6,4,2,2,0.4709938598343881,0.00421900199999925,1.2146356330138328,-0.34532841482251464,,0.0,0.4709938598343881,0.16090395708588923,0.31008990274849885,0.3312748484111129,0.32068237557980583,0.2125,0.22332875457875456,1.8909382470348028
3560,analcatdata_dmft,openml_repeat0_fold0_sample0,hyb_fpde_grid,ok,,38,38,21,573,144,80,6,4,2,2,0.4709938598343881,0.006543965999995294,1.0,-0.28569997179074236,0.8,-5.551115123125783e-17,0.4709938598343881,0.16090395708588923,0.31008990274849885,0.3312748484111129,0.32068237557980583,0.2125,0.22332875457875456,1.8909382470348028
3560,analcatdata_dmft,openml_repeat0_fold0_sample0,shap,ok,,38,38,21,573,144,80,6,4,2,2,0.4709938598343881,0.24521314900000846,2.0930710058394726,,,,0.4709938598343881,0.2680362945562381,0.20295756527814995,0.30552565871397075,0.2542416119960603,0.2125,0.22332875457875456,1.8909382470348028
3560,analcatdata_dmft,openml_repeat0_fold0_sample0,lime,ok,,38,38,21,573,144,80,6,4,2,2,0.4709938598343881,0.01567734200000359,0.14347183742168332,,,,0.4709938598343881,0.3306901187214928,0.14030374111289529,0.1376620486651176,0.13898289488900645,0.2125,0.22332875457875456,1.8909382470348028
3560,analcatdata_dmft,openml_repeat0_fold0_sample0,aime,ok,,38,38,21,573,144,80,6,4,2,2,0.4709938598343881,0.005457476999993105,4.817686334158672,,,,0.4709938598343881,0.23869377861170038,0.2323000812226877,0.3040660613717425,0.2681830712972151,0.2125,0.22332875457875456,1.8909382470348028
3560,analcatdata_dmft,openml_repeat0_fold0_sample0,diff_fpde,ok,,39,39,21,573,144,80,6,4,1,1,0.2948835285104757,0.004185500000005504,0.48265017881548516,-0.20886031798062915,,-1.6653345369377348e-16,0.2948835285104757,0.18629683232344207,0.10858669618703365,0.3260231662993306,0.21730493124318212,0.2125,0.22332875457875456,1.8909382470348028
3560,analcatdata_dmft,openml_repeat0_fold0_sample0,cos_fpde,ok,,39,39,21,573,144,80,6,4,1,1,0.2948835285104757,0.004223831999993877,1.0040812973913646,-0.411327221891392,,-1.6653345369377348e-16,0.2948835285104757,0.19379406780036393,0.1010894607101118,0.3206420032116878,0.2108657319608998,0.2125,0.22332875457875456,1.8909382470348028
3560,analcatdata_dmft,openml_repeat0_fold0_sample0,hyb_fpde_grid,ok,,39,39,21,573,144,80,6,4,1,1,0.2948835285104757,0.006565456000004133,0.9999760766723604,-0.42812020777034676,0.8,1.6653345369377348e-16,0.2948835285104757,0.18629683232344207,0.10858669618703365,0.3260231662993306,0.21730493124318212,0.2125,0.22332875457875456,1.8909382470348028
3560,analcatdata_dmft,openml_repeat0_fold0_sample0,shap,ok,,39,39,21,573,144,80,6,4,1,1,0.2948835285104757,0.2552209480000016,1.1649277711184087,,,,0.2948835285104757,0.13056265883919413,0.1643208696712816,0.3247165633429816,0.24451871650713158,0.2125,0.22332875457875456,1.8909382470348028
3560,analcatdata_dmft,openml_repeat0_fold0_sample0,lime,ok,,39,39,21,573,144,80,6,4,1,1,0.2948835285104757,0.015961222000001385,0.19354489432612296,,,,0.2948835285104757,0.43034011697932134,-0.13545658846884562,0.10083708887928568,-0.01730974979477997,0.2125,0.22332875457875456,1.8909382470348028
3560,analcatdata_dmft,openml_repeat0_fold0_sample0,aime,ok,,39,39,21,573,144,80,6,4,1,1,0.2948835285104757,0.0054585390000028156,4.91597785768819,,,,0.2948835285104757,0.15376493736862232,0.1411185911418534,0.3272867247628437,0.23420265795234857,0.2125,0.22332875457875456,1.8909382470348028
3560,analcatdata_dmft,openml_repeat0_fold0_sample0,diff_fpde,ok,,40,40,21,573,144,80,6,4,0,0,0.4078707765010364,0.004173727999997823,0.7983261400111217,-0.5164793719372474,,-6.661338147750939e-16,0.4078707765010364,0.23269455374406667,0.17517622275696976,0.15929561792442798,0.16723592034069887,0.2125,0.22332875457875456,1.8909382470348028
3560,analcatdata_dmft,openml_repeat0_fold0_sample0,cos_fpde,ok,,40,40,21,573,144,80,6,4,0,0,0.4078707765010364,0.004216687999999635,1.037690067489351,-0.6603896209155415,,0.0,0.4078707765010364,0.21660987349334326,0.19126090300769316,0.17725700005842737,0.18425895153306027,0.2125,0.22332875457875456,1.8909382470348028
3560,analcatdata_dmft,openml_repeat0_fold0_sample0,hyb_fpde_grid,ok,,40,40,21,573,144,80,6,4,0,0,0.4078707765010364,0.006561258999994379,1.0,-0.6448429862201756,0.8,0.0,0.4078707765010364,0.21660987349334326,0.19126090300769316,0.17725700005842737,0.18425895153306027,0.2125,0.22332875457875456,1.8909382470348028
3560,analcatdata_dmft,openml_repeat0_fold0_sample0,shap,ok,,40,40,21,573,144,80,6,4,0,0,0.4078707765010364,0.21156399099999135,2.056380907310309,,,,0.4078707765010364,0.11449390066566756,0.29337687583536887,0.2879845249433293,0.2906807003893491,0.2125,0.22332875457875456,1.8909382470348028
3560,analcatdata_dmft,openml_repeat0_fold0_sample0,lime,ok,,40,40,21,573,144,80,6,4,0,0,0.4078707765010364,0.01586249700000053,0.16686354047470348,,,,0.4078707765010364,0.3691729814224412,0.03869779507859522,0.11851420937245485,0.07860600222552504,0.2125,0.22332875457875456,1.8909382470348028
3560,analcatdata_dmft,openml_repeat0_fold0_sample0,aime,ok,,40,40,21,573,144,80,6,4,0,0,0.4078707765010364,0.00545588299999622,5.500233325334264,,,,0.4078707765010364,0.18790066745764422,0.2199701090433922,0.21517674412447899,0.21757342658393558,0.2125,0.22332875457875456,1.8909382470348028
3560,analcatdata_dmft,openml_repeat0_fold0_sample0,diff_fpde,ok,,41,41,21,573,144,80,6,4,3,3,0.3381431713847276,0.004179137999997806,0.7347303765480184,0.34182328034421916,,0.0,0.3381431713847276,0.26042902108399224,0.07771415030073536,0.3406864030709604,0.20920027668584787,0.2125,0.22332875457875456,1.8909382470348028
3560,analcatdata_dmft,openml_repeat0_fold0_sample0,cos_fpde,ok,,41,41,21,573,144,80,6,4,3,3,0.3381431713847276,0.004258096000000933,1.2084193566693233,0.5363846298381854,,-2.220446049250313e-16,0.3381431713847276,0.2521026810532534,0.0860404903314742,0.3415951732954627,0.21381783181346845,0.2125,0.22332875457875456,1.8909382470348028
3560,analcatdata_dmft,openml_repeat0_fold0_sample0,hyb_fpde_grid,ok,,41,41,21,573,144,80,6,4,3,3,0.3381431713847276,0.006593590000008476,1.0,0.4609636661112967,0.8,5.551115123125783e-17,0.3381431713847276,0.26042902108399224,0.07771415030073536,0.3406864030709604,0.20920027668584787,0.2125,0.22332875457875456,1.8909382470348028
3560,analcatdata_dmft,openml_repeat0_fold0_sample0,shap,ok,,41,41,21,573,144,80,6,4,3,3,0.3381431713847276,0.21107073500000695,1.0298870443319272,,,,0.3381431713847276,0.20168793593198225,0.13645523545274535,0.3875220214440072,0.2619886284483763,0.2125,0.22332875457875456,1.8909382470348028
3560,analcatdata_dmft,openml_repeat0_fold0_sample0,lime,ok,,41,41,21,573,144,80,6,4,3,3,0.3381431713847276,0.015901331999998547,0.1698474464809297,,,,0.3381431713847276,0.399588098445831,-0.06144492706110338,0.18069738598006407,0.059626229459480345,0.2125,0.22332875457875456,1.8909382470348028
3560,analcatdata_dmft,openml_repeat0_fold0_sample0,aime,ok,,41,41,21,573,144,80,6,4,3,3,0.3381431713847276,0.005464363000001526,2.4475309926603264,,,,0.3381431713847276,0.2573108589176536,0.08083231246707401,0.3541955094076799,0.21751391093737696,0.2125,0.22332875457875456,1.8909382470348028
3560,analcatdata_dmft,openml_repeat0_fold0_sample0,diff_fpde,ok,,42,42,21,573,144,80,6,1,5,5,0.31507771116099453,0.004159663999999452,0.5808753177758366,-0.34415709496694646,,-5.551115123125783e-16,0.31507771116099453,0.10455654189942859,0.21052116926156594,0.29363556803420876,0.25207836864788735,0.2125,0.22332875457875456,1.8909382470348028
3560,analcatdata_dmft,openml_repeat0_fold0_sample0,cos_fpde,ok,,42,42,21,573,144,80,6,1,5,5,0.31507771116099453,0.004231369000009977,0.7592201468782965,-0.45458304344230055,,5.551115123125783e-17,0.31507771116099453,0.10377659643255767,0.21130111472843688,0.25206936083123976,0.23168523777983832,0.2125,0.22332875457875456,1.8909382470348028
3560,analcatdata_dmft,openml_repeat0_fold0_sample0,hyb_fpde_grid,ok,,42,42,21,573,144,80,6,1,5,5,0.31507771116099453,0.006605687000003968,1.0,-0.5937341142566372,0.8,1.1102230246251565e-16,0.31507771116099453,0.10720995785908966,0.20786775330190488,0.2424593673357665,0.2251635603188357,0.2125,0.22332875457875456,1.8909382470348028
3560,analcatdata_dmft,openml_repeat0_fold0_sample0,shap,ok,,42,42,21,573,144,80,6,1,5,5,0.31507771116099453,0.21152039099999342,1.3832047269866665,,,,0.31507771116099453,0.09460514734749516,0.2204725638134994,0.2714990796051292,0.2459858217093143,0.2125,0.22332875457875456,1.8909382470348028
3560,analcatdata_dmft,openml_repeat0_fold0_sample0,lime,ok,,42,42,21,573,144,80,6,1,5,5,0.31507771116099453,0.01592933400000618,0.14759649301628874,,,,0.31507771116099453,0.40298643005379087,-0.08790871889279633,0.10501992027180908,0.008555600689506372,0.2125,0.22332875457875456,1.8909382470348028
3560,analcatdata_dmft,openml_repeat0_fold0_sample0,aime,ok,,42,42,21,573,144,80,6,1,5,5,0.31507771116099453,0.005496162000000027,4.292236425983891,,,,0.31507771116099453,0.12129140804039379,0.19378630312060074,0.3360367524002078,0.2649115277604043,0.2125,0.22332875457875456,1.8909382470348028
3560,analcatdata_dmft,openml_repeat0_fold0_sample0,diff_fpde,ok,,43,43,21,573,144,80,6,1,0,0,0.444246573586481,0.0042104099999988875,0.6078507937053381,-0.10330555474289395,,9.71445146547012e-17,0.444246573586481,0.23008038848629786,0.21416618510018315,0.22886530972635521,0.22151574741326918,0.2125,0.22332875457875456,1.8909382470348028
3560,analcatdata_dmft,openml_repeat0_fold0_sample0,cos_fpde,ok,,43,43,21,573,144,80,6,1,0,0,0.444246573586481,0.004252747999998974,0.8961466586803724,-0.1212706746859209,,5.551115123125783e-17,0.444246573586481,0.2437449801813533,0.20050159340512771,0.21573341567689786,0.2081175045410128,0.2125,0.22332875457875456,1.8909382470348028
3560,analcatdata_dmft,openml_repeat0_fold0_sample0,hyb_fpde_grid,ok,,43,43,21,573,144,80,6,1,0,0,0.444246573586481,0.006576261999995836,1.0,-0.16302664420388852,0.8,-1.3877787807814457e-16,0.444246573586481,0.2367356553129688,0.2075109182735122,0.21232534835302735,0.20991813331326978,0.2125,0.22332875457875456,1.8909382470348028
3560,analcatdata_dmft,openml_repeat0_fold0_sample0,shap,ok,,43,43,21,573,144,80,6,1,0,0,0.444246573586481,0.21231620900000792,1.8891001592573031,,,,0.444246573586481,0.2034949819196807,0.2407515916668003,0.28088561558446035,0.2608186036256303,0.2125,0.22332875457875456,1.8909382470348028
3560,analcatdata_dmft,openml_repeat0_fold0_sample0,lime,ok,,43,43,21,573,144,80,6,1,0,0,0.444246573586481,0.01572595500000773,0.144822069414637,,,,0.444246573586481,0.3233796196158849,0.1208669539705961,0.15271498849414156,0.13679097123236883,0.2125,0.22332875457875456,1.8909382470348028
3560,analcatdata_dmft,openml_repeat0_fold0_sample0,aime,ok,,43,43,21,573,144,80,6,1,0,0,0.444246573586481,0.005473300000005565,2.7898358225920417,,,,0.444246573586481,0.27226393468156795,0.17198263890491305,0.24195786380986972,0.2069702513573914,0.2125,0.22332875457875456,1.8909382470348028
3560,analcatdata_dmft,openml_repeat0_fold0_sample0,diff_fpde,ok,,44,44,21,573,144,80,6,1,1,1,0.3127196732918658,0.004190132000005065,0.6952381929482578,0.058463800827605356,,-3.608224830031759e-16,0.3127196732918658,0.26219239294337515,0.05052728034849063,0.3365453049212569,0.19353629263487376,0.2125,0.22332875457875456,1.8909382470348028
3560,analcatdata_dmft,openml_repeat0_fold0_sample0,cos_fpde,ok,,44,44,21,573,144,80,6,1,1,1,0.3127196732918658,0.004239754000010976,1.2131367695399211,0.11725557430312317,,-4.163336342344337e-17,0.3127196732918658,0.2421676187405283,0.07055205455133748,0.32197520608075275,0.1962636303160451,0.2125,0.22332875457875456,1.8909382470348028
3560,analcatdata_dmft,openml_repeat0_fold0_sample0,hyb_fpde_grid,ok,,44,44,21,573,144,80,6,1,1,1,0.3127196732918658,0.006568868000002226,1.0,0.08660437879246013,0.8,-4.163336342344337e-17,0.3127196732918658,0.25013945783386327,0.06258021545800252,0.3222136673445223,0.1923969414012624,0.2125,0.22332875457875456,1.8909382470348028
3560,analcatdata_dmft,openml_repeat0_fold0_sample0,shap,ok,,44,44,21,573,144,80,6,1,1,1,0.3127196732918658,0.2139426990000004,1.5545382187127867,,,,0.3127196732918658,0.16247147414310642,0.15024819914875936,0.3644168762910299,0.2573325377198946,0.2125,0.22332875457875456,1.8909382470348028
3560,analcatdata_dmft,openml_repeat0_fold0_sample0,lime,ok,,44,44,21,573,144,80,6,1,1,1,0.3127196732918658,0.01583851400000924,0.19714627333750764,,,,0.3127196732918658,0.4337973925074629,-0.12107771921559712,0.1899488993726698,0.03443559007853633,0.2125,0.22332875457875456,1.8909382470348028
3560,analcatdata_dmft,openml_repeat0_fold0_sample0,aime,ok,,44,44,21,573,144,80,6,1,1,1,0.3127196732918658,0.005443784999997092,2.2552380078573364,,,,0.3127196732918658,0.23964885060490468,0.0730708226869611,0.3403660901673943,0.20671845642717768,0.2125,0.22332875457875456,1.8909382470348028
3560,analcatdata_dmft,openml_repeat0_fold0_sample0,diff_fpde,ok,,45,45,21,573,144,80,6,1,4,4,0.3622114520762243,0.004186234000002287,0.7461561690089292,0.3650725320374564,,4.440892098500626e-16,0.3622114520762243,0.08486882912297965,0.27734262295324463,0.2315612824597063,0.25445195270647547,0.2125,0.22332875457875456,1.8909382470348028
3560,analcatdata_dmft,openml_repeat0_fold0_sample0,cos_fpde,ok,,45,45,21,573,144,80,6,1,4,4,0.3622114520762243,0.0042258290000063425,1.1248388116055614,0.41012558881563965,,-1.1102230246251565e-16,0.3622114520762243,0.09974632950806246,0.26246512256816185,0.27283668476275813,0.26765090366545996,0.2125,0.22332875457875456,1.8909382470348028
3560,analcatdata_dmft,openml_repeat0_fold0_sample0,hyb_fpde_grid,ok,,45,45,21,573,144,80,6,1,4,4,0.3622114520762243,0.00656111399999304,0.994513888272323,0.46433841787379104,0.8,1.1102230246251565e-16,0.3622114520762243,0.08486882912297965,0.27734262295324463,0.2315612824597063,0.25445195270647547,0.2125,0.22332875457875456,1.8909382470348028
3560,analcatdata_dmft,openml_repeat0_fold0_sample0,shap,ok,,45,45,21,573,144,80,6,1,4,4,0.3622114520762243,0.21414975600001185,1.715898460870135,,,,0.3622114520762243,0.06781496583830784,0.2943964862379165,0.31568000577164046,0.30503824600477847,0.2125,0.22332875457875456,1.8909382470348028
3560,analcatdata_dmft,openml_repeat0_fold0_sample0,lime,ok,,45,45,21,573,144,80,6,1,4,4,0.3622114520762243,0.015713030000000572,0.08725485457073451,,,,0.3622114520762243,0.25868544761280987,0.10352600446341442,0.0866496588973217,0.09508783168036805,0.2125,0.22332875457875456,1.8909382470348028
3560,analcatdata_dmft,openml_repeat0_fold0_sample0,aime,ok,,45,45,21,573,144,80,6,1,4,4,0.3622114520762243,0.0054134179999891785,5.903783923675617,,,,0.3622114520762243,0.07708918724553057,0.2851222648306937,0.25091389397132735,0.2680180794010105,0.2125,0.22332875457875456,1.8909382470348028
3560,analcatdata_dmft,openml_repeat0_fold0_sample0,diff_fpde,ok,,46,46,21,573,144,80,6,1,4,4,0.38534885140775765,0.00419376799999327,0.41451736696962194,0.29444142153045527,,3.3306690738754696e-16,0.38534885140775765,0.09087974827026431,0.29446910313749336,0.20809045816140675,0.25127978064945006,0.2125,0.22332875457875456,1.8909382470348028
3560,analcatdata_dmft,openml_repeat0_fold0_sample0,cos_fpde,ok,,46,46,21,573,144,80,6,1,4,4,0.38534885140775765,0.004249892999993676,0.5342438476231502,0.24104449178797321,,0.0,0.38534885140775765,0.08785586340356492,0.2974929880041927,0.2797327153070912,0.288612851655642,0.2125,0.22332875457875456,1.8909382470348028
3560,analcatdata_dmft,openml_repeat0_fold0_sample0,hyb_fpde_grid,ok,,46,46,21,573,144,80,6,1,4,4,0.38534885140775765,0.006607910999989031,0.9739543473764876,0.6584964190545823,0.8,0.0,0.38534885140775765,0.08947829748056949,0.2958705539271882,0.22030119499842304,0.2580858744628056,0.2125,0.22332875457875456,1.8909382470348028
3560,analcatdata_dmft,openml_repeat0_fold0_sample0,shap,ok,,46,46,21,573,144,80,6,1,4,4,0.38534885140775765,0.21413310500000193,2.085731519617507,,,,0.38534885140775765,0.09200721488121447,0.2933416365265432,0.29826143561129514,0.2958015360689192,0.2125,0.22332875457875456,1.8909382470348028
3560,analcatdata_dmft,openml_repeat0_fold0_sample0,lime,ok,,46,46,21,573,144,80,6,1,4,4,0.38534885140775765,0.01585046699999282,0.10226886166389142,,,,0.38534885140775765,0.3569187716705647,0.02843007973719297,0.09029118288775578,0.05936063131247438,0.2125,0.22332875457875456,1.8909382470348028
3560,analcatdata_dmft,openml_repeat0_fold0_sample0,aime,ok,,46,46,21,573,144,80,6,1,4,4,0.38534885140775765,0.0055243159999918134,6.253290673707173,,,,0.38534885140775765,0.10909329575404031,0.27625555565371734,0.2925095963090075,0.2843825759813624,0.2125,0.22332875457875456,1.8909382470348028
3560,analcatdata_dmft,openml_repeat0_fold0_sample0,diff_fpde,ok,,47,47,21,573,144,80,6,1,3,3,0.3316485083712769,0.004217542999995771,0.5280339799258718,-0.23348195041888728,,-7.494005416219807e-16,0.3316485083712769,0.1750368323368315,0.1566116760344454,0.29589270768925136,0.22625219186184836,0.2125,0.22332875457875456,1.8909382470348028
3560,analcatdata_dmft,openml_repeat0_fold0_sample0,cos_fpde,ok,,47,47,21,573,144,80,6,1,3,3,0.3316485083712769,0.0042679769999978134,0.86078627663188,-0.4087770385996944,,-1.1102230246251565e-16,0.3316485083712769,0.15959678404466238,0.17205172432661453,0.2644864087087203,0.21826906651766742,0.2125,0.22332875457875456,1.8909382470348028
3560,analcatdata_dmft,openml_repeat0_fold0_sample0,hyb_fpde_grid,ok,,47,47,21,573,144,80,6,1,3,3,0.3316485083712769,0.006606819000012365,1.0,-0.44871535774717397,0.8,0.0,0.3316485083712769,0.1750368323368315,0.1566116760344454,0.29589270768925136,0.22625219186184836,0.2125,0.22332875457875456,1.8909382470348028
3560,analcatdata_dmft,openml_repeat0_fold0_sample0,shap,ok,,47,47,21,573,144,80,6,1,3,3,0.3316485083712769,0.2139594509999938,1.1191284872654863,,,,0.3316485083712769,0.24262854566904984,0.08901996270222706,0.3748703664997066,0.23194516460096684,0.2125,0.22332875457875456,1.8909382470348028
3560,analcatdata_dmft,openml_repeat0_fold0_sample0,lime,ok,,47,47,21,573,144,80,6,1,3,3,0.3316485083712769,0.01582270400000141,0.17313006768586664,,,,0.3316485083712769,0.3985240858892978,-0.06687557751802087,0.11997095281454763,0.02654768764826338,0.2125,0.22332875457875456,1.8909382470348028
3560,analcatdata_dmft,openml_repeat0_fold0_sample0,aime,ok,,47,47,21,573,144,80,6,1,3,3,0.3316485083712769,0.005382060000002298,7.42873209165889,,,,0.3316485083712769,0.13919543461053546,0.19245307376074144,0.3035671042281415,0.24801008899444146,0.2125,0.22332875457875456,1.8909382470348028
3560,analcatdata_dmft,openml_repeat0_fold0_sample0,diff_fpde,ok,,48,48,21,573,144,80,6,1,4,4,0.4112287395776109,0.004166017000002853,0.3928882848949067,0.21283534448216457,,3.3306690738754696e-16,0.4112287395776109,0.12107427213760352,0.2901544674400074,0.26837396149460413,0.27926421446730576,0.2125,0.22332875457875456,1.8909382470348028
3560,analcatdata_dmft,openml_repeat0_fold0_sample0,cos_fpde,ok,,48,48,21,573,144,80,6,1,4,4,0.4112287395776109,0.004231539000002726,0.5831982905761904,0.17528749041639935,,0.0,0.4112287395776109,0.11676982751259014,0.2944589120650208,0.2839040793304261,0.28918149569772345,0.2125,0.22332875457875456,1.8909382470348028
3560,analcatdata_dmft,openml_repeat0_fold0_sample0,hyb_fpde_grid,ok,,48,48,21,573,144,80,6,1,4,4,0.4112287395776109,0.006525607000000377,0.9760973009239156,0.4934882863537865,0.8,0.0,0.4112287395776109,0.11879224731348706,0.2924364922641238,0.2798562503608105,0.2861463713124672,0.2125,0.22332875457875456,1.8909382470348028
3560,analcatdata_dmft,openml_repeat0_fold0_sample0,shap,ok,,48,48,21,573,144,80,6,1,4,4,0.4112287395776109,0.21461066800000594,1.820928968999167,,,,0.4112287395776109,0.08515045015665895,0.32607828942095196,0.2227897189406767,0.2744340041808143,0.2125,0.22332875457875456,1.8909382470348028
3560,analcatdata_dmft,openml_repeat0_fold0_sample0,lime,ok,,48,48,21,573,144,80,6,1,4,4,0.4112287395776109,0.015725082000003,0.08903546879458325,,,,0.4112287395776109,0.26039816284949474,0.15083057672811617,0.09917529965411659,0.12500293819111638,0.2125,0.22332875457875456,1.8909382470348028
3560,analcatdata_dmft,openml_repeat0_fold0_sample0,aime,ok,,48,48,21,573,144,80,6,1,4,4,0.4112287395776109,0.005435669999997117,5.5829142148916615,,,,0.4112287395776109,0.12685264303015986,0.28437609654745105,0.2821579806970139,0.28326703862223246,0.2125,0.22332875457875456,1.8909382470348028
3560,analcatdata_dmft,openml_repeat0_fold0_sample0,diff_fpde,ok,,49,49,21,573,144,80,6,1,4,4,0.31318531777539743,0.004206863999996813,0.47371062479520293,-0.09514078139955008,,9.71445146547012e-17,0.31318531777539743,0.07656679572758945,0.23661852204780798,0.1674177412994307,0.20201813167361934,0.2125,0.22332875457875456,1.8909382470348028
3560,analcatdata_dmft,openml_repeat0_fold0_sample0,cos_fpde,ok,,49,49,21,573,144,80,6,1,4,4,0.31318531777539743,0.004274168999998551,0.5205494424991077,-0.12001831547119417,,-1.3877787807814457e-17,0.31318531777539743,0.0745965069432212,0.23858881083217623,0.16388381425075443,0.20123631254146535,0.2125,0.22332875457875456,1.8909382470348028
3560,analcatdata_dmft,openml_repeat0_fold0_sample0,hyb_fpde_grid,ok,,49,49,21,573,144,80,6,1,4,4,0.31318531777539743,0.006594957000004342,0.9653065389657497,-0.20678541640878698,0.8,8.326672684688674e-17,0.31318531777539743,0.073960934719576,0.23922438305582144,0.1703859070842646,0.20480514507004302,0.2125,0.22332875457875456,1.8909382470348028
3560,analcatdata_dmft,openml_repeat0_fold0_sample0,shap,ok,,49,49,21,573,144,80,6,1,4,4,0.31318531777539743,0.21469750999999349,2.1321321062697,,,,0.31318531777539743,0.10078826899771638,0.21239704877768106,0.16938513758786067,0.19089109318277087,0.2125,0.22332875457875456,1.8909382470348028
3560,analcatdata_dmft,openml_repeat0_fold0_sample0,lime,ok,,49,49,21,573,144,80,6,1,4,4,0.31318531777539743,0.015738287000004902,0.06464455885445666,,,,0.31318531777539743,0.20374758805515658,0.10943772972024085,0.09015292345305523,0.09979532658664804,0.2125,0.22332875457875456,1.8909382470348028
3560,analcatdata_dmft,openml_repeat0_fold0_sample0,aime,ok,,49,49,21,573,144,80,6,1,4,4,0.31318531777539743,0.005432134000002975,4.367026373603367,,,,0.31318531777539743,0.10018965580477088,0.21299566197062655,0.20468916250125357,0.20884241223594008,0.2125,0.22332875457875456,1.8909382470348028
3560,analcatdata_dmft,openml_repeat0_fold0_sample0,diff_fpde,ok,,50,50,21,573,144,80,6,1,5,5,0.3195398101199391,0.004176998000005483,0.479533729109554,0.36259682527011955,,-1.6653345369377348e-16,0.3195398101199391,0.1787494151448038,0.1407903949751353,0.17742677630351866,0.15910858563932698,0.2125,0.22332875457875456,1.8909382470348028
3560,analcatdata_dmft,openml_repeat0_fold0_sample0,cos_fpde,ok,,50,50,21,573,144,80,6,1,5,5,0.3195398101199391,0.004220439000008014,0.6534551588805546,0.4922657735736966,,0.0,0.3195398101199391,0.1787494151448038,0.1407903949751353,0.17742677630351866,0.15910858563932698,0.2125,0.22332875457875456,1.8909382470348028
3560,analcatdata_dmft,openml_repeat0_fold0_sample0,hyb_fpde_grid,ok,,50,50,21,573,144,80,6,1,5,5,0.3195398101199391,0.00656058299999529,1.0,0.7555811656945723,0.8,0.0,0.3195398101199391,0.1787494151448038,0.1407903949751353,0.17742677630351866,0.15910858563932698,0.2125,0.22332875457875456,1.8909382470348028
3560,analcatdata_dmft,openml_repeat0_fold0_sample0,shap,ok,,50,50,21,573,144,80,6,1,5,5,0.3195398101199391,0.21385014599999863,2.301570855374934,,,,0.3195398101199391,0.09309412967146713,0.22644568044847196,0.3071957778561678,0.2668207291523199,0.2125,0.22332875457875456,1.8909382470348028
3560,analcatdata_dmft,openml_repeat0_fold0_sample0,lime,ok,,50,50,21,573,144,80,6,1,5,5,0.3195398101199391,0.01572426100000257,0.1318245954884894,,,,0.3195398101199391,0.3575574008970759,-0.03801759077713679,0.08604029245977232,0.024011350841317766,0.2125,0.22332875457875456,1.8909382470348028
3560,analcatdata_dmft,openml_repeat0_fold0_sample0,aime,ok,,50,50,21,573,144,80,6,1,5,5,0.3195398101199391,0.005412876999997707,3.568147294192327,,,,0.3195398101199391,0.09521022076383022,0.22432958935610886,0.25115475809151205,0.23774217372381046,0.2125,0.22332875457875456,1.8909382470348028
3560,analcatdata_dmft,openml_repeat0_fold0_sample0,diff_fpde,ok,,51,51,21,573,144,80,6,1,5,5,0.27728164738852834,0.004253461000004677,0.6550152197393708,0.08966192384363506,,-7.494005416219807e-16,0.27728164738852834,0.08875835485286795,0.1885232925356604,0.25523400326864853,0.22187864790215445,0.2125,0.22332875457875456,1.8909382470348028
3560,analcatdata_dmft,openml_repeat0_fold0_sample0,cos_fpde,ok,,51,51,21,573,144,80,6,1,5,5,0.27728164738852834,0.00423799200000019,0.9533449312520008,0.10781669122957303,,-1.3877787807814457e-17,0.27728164738852834,0.09113933475031141,0.18614231263821693,0.2249224782313785,0.20553239543479773,0.2125,0.22332875457875456,1.8909382470348028
3560,analcatdata_dmft,openml_repeat0_fold0_sample0,hyb_fpde_grid,ok,,51,51,21,573,144,80,6,1,5,5,0.27728164738852834,0.006546506000006502,1.0,0.13212681322187553,0.8,2.7755575615628914e-17,0.27728164738852834,0.08875835485286795,0.1885232925356604,0.25523400326864853,0.22187864790215445,0.2125,0.22332875457875456,1.8909382470348028
3560,analcatdata_dmft,openml_repeat0_fold0_sample0,shap,ok,,51,51,21,573,144,80,6,1,5,5,0.27728164738852834,0.21522683199999904,1.8162782855436845,,,,0.27728164738852834,0.08279949568586707,0.19448215170266125,0.3244431452162932,0.2594626484594772,0.2125,0.22332875457875456,1.8909382470348028
3560,analcatdata_dmft,openml_repeat0_fold0_sample0,lime,ok,,51,51,21,573,144,80,6,1,5,5,0.27728164738852834,0.015743696999990675,0.14463723515559393,,,,0.27728164738852834,0.35941171968309304,-0.0821300722945647,0.07315138641505556,-0.004489342939754573,0.2125,0.22332875457875456,1.8909382470348028
3560,analcatdata_dmft,openml_repeat0_fold0_sample0,aime,ok,,51,51,21,573,144,80,6,1,5,5,0.27728164738852834,0.005453273000000536,3.2591087418131517,,,,0.27728164738852834,0.08130244191239362,0.19597920547613473,0.2759105781943373,0.235944891835236,0.2125,0.22332875457875456,1.8909382470348028
3560,analcatdata_dmft,openml_repeat0_fold0_sample0,diff_fpde,ok,,52,52,21,573,144,80,6,1,1,1,0.2948835285104757,0.004176426999990213,0.48265017881548516,-0.20886031798062915,,-1.6653345369377348e-16,0.2948835285104757,0.18629683232344207,0.10858669618703365,0.3260231662993306,0.21730493124318212,0.2125,0.22332875457875456,1.8909382470348028
3560,analcatdata_dmft,openml_repeat0_fold0_sample0,cos_fpde,ok,,52,52,21,573,144,80,6,1,1,1,0.2948835285104757,0.004213566000004221,1.0040812973913646,-0.411327221891392,,-1.6653345369377348e-16,0.2948835285104757,0.19379406780036393,0.1010894607101118,0.3206420032116878,0.2108657319608998,0.2125,0.22332875457875456,1.8909382470348028
3560,analcatdata_dmft,openml_repeat0_fold0_sample0,hyb_fpde_grid,ok,,52,52,21,573,144,80,6,1,1,1,0.2948835285104757,0.006563819000007243,0.9999760766723604,-0.42812020777034676,0.8,1.6653345369377348e-16,0.2948835285104757,0.18629683232344207,0.10858669618703365,0.3260231662993306,0.21730493124318212,0.2125,0.22332875457875456,1.8909382470348028
3560,analcatdata_dmft,openml_repeat0_fold0_sample0,shap,ok,,52,52,21,573,144,80,6,1,1,1,0.2948835285104757,0.3729617580000024,1.1649277711184087,,,,0.2948835285104757,0.13056265883919413,0.1643208696712816,0.3247165633429816,0.24451871650713158,0.2125,0.22332875457875456,1.8909382470348028
3560,analcatdata_dmft,openml_repeat0_fold0_sample0,lime,ok,,52,52,21,573,144,80,6,1,1,1,0.2948835285104757,0.01580157499999757,0.2053162157768595,,,,0.2948835285104757,0.4175422334922564,-0.12265870498178066,0.10847284119001374,-0.007092931895883461,0.2125,0.22332875457875456,1.8909382470348028
3560,analcatdata_dmft,openml_repeat0_fold0_sample0,aime,ok,,52,52,21,573,144,80,6,1,1,1,0.2948835285104757,0.005475082999993219,4.91597785768819,,,,0.2948835285104757,0.15376493736862232,0.1411185911418534,0.3272867247628437,0.23420265795234857,0.2125,0.22332875457875456,1.8909382470348028
3560,analcatdata_dmft,openml_repeat0_fold0_sample0,diff_fpde,ok,,53,53,21,573,144,80,6,1,4,4,0.3808683432323275,0.0042006219999990435,0.7844968366608085,0.6046935964007888,,3.3306690738754696e-16,0.3808683432323275,0.13125088558894327,0.24961745764338422,0.25194081272553814,0.25077913518446115,0.2125,0.22332875457875456,1.8909382470348028
3560,analcatdata_dmft,openml_repeat0_fold0_sample0,cos_fpde,ok,,53,53,21,573,144,80,6,1,4,4,0.3808683432323275,0.004242540000007011,1.1253557928252156,0.8370928131467074,,-1.1102230246251565e-16,0.3808683432323275,0.1656481701176293,0.21522017311469818,0.25565912334518737,0.2354396482299428,0.2125,0.22332875457875456,1.8909382470348028
3560,analcatdata_dmft,openml_repeat0_fold0_sample0,hyb_fpde_grid,ok,,53,53,21,573,144,80,6,1,4,4,0.3808683432323275,0.006602690999997662,0.9995352814858889,0.7654129528245839,0.8,0.0,0.3808683432323275,0.13104733351640124,0.24982100971592625,0.24884754719583196,0.2493342784558791,0.2125,0.22332875457875456,1.8909382470348028
3560,analcatdata_dmft,openml_repeat0_fold0_sample0,shap,ok,,53,53,21,573,144,80,6,1,4,4,0.3808683432323275,0.21404771599999606,1.621387454738014,,,,0.3808683432323275,0.06285339711596384,0.31801494611636366,0.2571573734296765,0.28758615977302004,0.2125,0.22332875457875456,1.8909382470348028
3560,analcatdata_dmft,openml_repeat0_fold0_sample0,lime,ok,,53,53,21,573,144,80,6,1,4,4,0.3808683432323275,0.01576901399999997,0.08904832614704351,,,,0.3808683432323275,0.2256298129856697,0.1552385302466578,0.09755682269457142,0.12639767647061462,0.2125,0.22332875457875456,1.8909382470348028
3560,analcatdata_dmft,openml_repeat0_fold0_sample0,aime,ok,,53,53,21,573,144,80,6,1,4,4,0.3808683432323275,0.005495260999992979,4.855711481203046,,,,0.3808683432323275,0.09848998947653233,0.2823783537557952,0.25165169638135587,0.26701502506857555,0.2125,0.22332875457875456,1.8909382470348028
3560,analcatdata_dmft,openml_repeat0_fold0_sample0,diff_fpde,ok,,54,54,21,573,144,80,6,1,3,3,0.3860188244551797,0.004263198000003854,0.7575930885840796,0.41456609762916097,,0.0,0.3860188244551797,0.2723276281473901,0.11369119630778962,0.3579206212212927,0.23580590876454116,0.2125,0.22332875457875456,1.8909382470348028
3560,analcatdata_dmft,openml_repeat0_fold0_sample0,cos_fpde,ok,,54,54,21,573,144,80,6,1,3,3,0.3860188244551797,0.004297843000003354,1.189492227796926,0.6108234352683002,,0.0,0.3860188244551797,0.28286771198429306,0.10315111247088665,0.3680885122098903,0.23561981234038848,0.2125,0.22332875457875456,1.8909382470348028
3560,analcatdata_dmft,openml_repeat0_fold0_sample0,hyb_fpde_grid,ok,,54,54,21,573,144,80,6,1,3,3,0.3860188244551797,0.006682840999999939,0.9999999999999999,0.5404750085039502,0.8,0.0,0.3860188244551797,0.27883994222519304,0.10717888222998667,0.3696627749888561,0.23842082860942138,0.2125,0.22332875457875456,1.8909382470348028
3560,analcatdata_dmft,openml_repeat0_fold0_sample0,shap,ok,,54,54,21,573,144,80,6,1,3,3,0.3860188244551797,0.21419229599999312,1.0090356523737722,,,,0.3860188244551797,0.26911876224431613,0.11690006221086358,0.3129221677072733,0.21491111495906845,0.2125,0.22332875457875456,1.8909382470348028
3560,analcatdata_dmft,openml_repeat0_fold0_sample0,lime,ok,,54,54,21,573,144,80,6,1,3,3,0.3860188244551797,0.015870574000004467,0.16984403417501187,,,,0.3860188244551797,0.3943407845796005,-0.008321960124420769,0.21943969426484866,0.10555886707021395,0.2125,0.22332875457875456,1.8909382470348028
3560,analcatdata_dmft,openml_repeat0_fold0_sample0,aime,ok,,54,54,21,573,144,80,6,1,3,3,0.3860188244551797,0.005434016999998903,5.897720721001725,,,,0.3860188244551797,0.2739668339888338,0.1120519904663459,0.40205931032667175,0.2570556503965088,0.2125,0.22332875457875456,1.8909382470348028
3560,analcatdata_dmft,openml_repeat0_fold0_sample0,diff_fpde,ok,,55,55,21,573,144,80,6,5,5,5,0.27573179221078403,0.004440720999994596,0.6939056516433113,0.35857578152153746,,-7.771561172376096e-16,0.27573179221078403,0.08831857551001171,0.18741321670077232,0.2329396315898804,0.21017642414532636,0.2125,0.22332875457875456,1.8909382470348028
3560,analcatdata_dmft,openml_repeat0_fold0_sample0,cos_fpde,ok,,55,55,21,573,144,80,6,5,5,5,0.27573179221078403,0.0043104469999946105,1.0192172986070083,0.4969727233361463,,-1.1102230246251565e-16,0.27573179221078403,0.08735421410872174,0.1883775781020623,0.20379045089756997,0.19608401449981613,0.2125,0.22332875457875456,1.8909382470348028
3560,analcatdata_dmft,openml_repeat0_fold0_sample0,hyb_fpde_grid,ok,,55,55,21,573,144,80,6,5,5,5,0.27573179221078403,0.006705322999991381,1.0,0.5109205063197344,0.8,0.0,0.27573179221078403,0.08831857551001171,0.18741321670077232,0.2329396315898804,0.21017642414532636,0.2125,0.22332875457875456,1.8909382470348028
3560,analcatdata_dmft,openml_repeat0_fold0_sample0,shap,ok,,55,55,21,573,144,80,6,5,5,5,0.27573179221078403,0.21439745000000698,1.5228845877449921,,,,0.27573179221078403,0.06750639361023124,0.20822539860055278,0.31754739956434697,0.2628863990824499,0.2125,0.22332875457875456,1.8909382470348028
3560,analcatdata_dmft,openml_repeat0_fold0_sample0,lime,ok,,55,55,21,573,144,80,6,5,5,5,0.27573179221078403,0.015820680999993897,0.13249342916717563,,,,0.27573179221078403,0.3485891063584333,-0.07285731414764929,0.07353863916429498,0.0003406625083228476,0.2125,0.22332875457875456,1.8909382470348028
3560,analcatdata_dmft,openml_repeat0_fold0_sample0,aime,ok,,55,55,21,573,144,80,6,5,5,5,0.27573179221078403,0.00549949000000538,3.305507353579036,,,,0.27573179221078403,0.07557046715922663,0.2001613250515574,0.2687251512519481,0.23444323815175278,0.2125,0.22332875457875456,1.8909382470348028
3560,analcatdata_dmft,openml_repeat0_fold0_sample0,diff_fpde,ok,,56,56,21,573,144,80,6,5,3,3,0.3820979284390066,0.004178320000008284,0.5963383331960702,0.16302910155003994,,5.828670879282072e-16,0.3820979284390066,0.2957105267892236,0.08638740164978298,0.43409898794379154,0.26024319479678726,0.2125,0.22332875457875456,1.8909382470348028
3560,analcatdata_dmft,openml_repeat0_fold0_sample0,cos_fpde,ok,,56,56,21,573,144,80,6,5,3,3,0.3820979284390066,0.004240926999997896,0.855680070733127,0.29289408136795747,,-5.551115123125783e-17,0.3820979284390066,0.3247231844964915,0.05737474394251507,0.4296842100704156,0.24352947700646532,0.2125,0.22332875457875456,1.8909382470348028
3560,analcatdata_dmft,openml_repeat0_fold0_sample0,hyb_fpde_grid,ok,,56,56,21,573,144,80,6,5,3,3,0.3820979284390066,0.006590477999992572,1.0,0.28716563777611653,0.8,0.0,0.3820979284390066,0.2983122415642375,0.08378568687476906,0.4305589255368464,0.2571723062058077,0.2125,0.22332875457875456,1.8909382470348028
3560,analcatdata_dmft,openml_repeat0_fold0_sample0,shap,ok,,56,56,21,573,144,80,6,5,3,3,0.3820979284390066,0.21464864899999725,1.632870184950813,,,,0.3820979284390066,0.2503306689374511,0.1317672595015555,0.4141970373930422,0.27298214844729884,0.2125,0.22332875457875456,1.8909382470348028
3560,analcatdata_dmft,openml_repeat0_fold0_sample0,lime,ok,,56,56,21,573,144,80,6,5,3,3,0.3820979284390066,0.015801175000007106,0.16965740577205438,,,,0.3820979284390066,0.44519385281602025,-0.06309592437701367,0.19125329156211324,0.06407868359254978,0.2125,0.22332875457875456,1.8909382470348028
3560,analcatdata_dmft,openml_repeat0_fold0_sample0,aime,ok,,56,56,21,573,144,80,6,5,3,3,0.3820979284390066,0.0054915450000123656,4.721540449661463,,,,0.3820979284390066,0.2728952673649198,0.10920266107408677,0.39726484603883716,0.25323375355646194,0.2125,0.22332875457875456,1.8909382470348028
3560,analcatdata_dmft,openml_repeat0_fold0_sample0,diff_fpde,ok,,57,57,21,573,144,80,6,5,1,1,0.48118900575580426,0.004218305000009082,0.6744517118752303,0.36919804070393103,,2.220446049250313e-16,0.48118900575580426,0.24370263152031937,0.23748637423548488,0.3270107453821016,0.28224855980879326,0.2125,0.22332875457875456,1.8909382470348028
3560,analcatdata_dmft,openml_repeat0_fold0_sample0,cos_fpde,ok,,57,57,21,573,144,80,6,5,1,1,0.48118900575580426,0.004257006000003116,1.0292897235768912,0.5370949682031961,,0.0,0.48118900575580426,0.23974389690905837,0.2414451088467459,0.36020630722657776,0.3008257080366618,0.2125,0.22332875457875456,1.8909382470348028
3560,analcatdata_dmft,openml_repeat0_fold0_sample0,hyb_fpde_grid,ok,,57,57,21,573,144,80,6,5,1,1,0.48118900575580426,0.0066487870000031535,0.9951709601341746,0.5422860165132692,0.8,0.0,0.48118900575580426,0.24370263152031937,0.23748637423548488,0.3270107453821016,0.28224855980879326,0.2125,0.22332875457875456,1.8909382470348028
3560,analcatdata_dmft,openml_repeat0_fold0_sample0,shap,ok,,57,57,21,573,144,80,6,5,1,1,0.48118900575580426,0.21426589300000387,1.9272624285050945,,,,0.48118900575580426,0.13931792057413828,0.341871085181666,0.3837483107342248,0.3628096979579454,0.2125,0.22332875457875456,1.8909382470348028
3560,analcatdata_dmft,openml_repeat0_fold0_sample0,lime,ok,,57,57,21,573,144,80,6,5,1,1,0.48118900575580426,0.01564336900000285,0.20622016100938978,,,,0.48118900575580426,0.41728263622905176,0.0639063695267525,0.16113940708877517,0.11252288830776383,0.2125,0.22332875457875456,1.8909382470348028
3560,analcatdata_dmft,openml_repeat0_fold0_sample0,aime,ok,,57,57,21,573,144,80,6,5,1,1,0.48118900575580426,0.005542770000005248,2.260332897032468,,,,0.48118900575580426,0.1923325896399431,0.28885641611586116,0.36563649003698506,0.3272464530764231,0.2125,0.22332875457875456,1.8909382470348028
3560,analcatdata_dmft,openml_repeat0_fold0_sample0,diff_fpde,ok,,58,58,21,573,144,80,6,5,5,5,0.4589883272499969,0.004248910999990585,0.8552707535215063,0.3626792630150787,,-7.771561172376096e-16,0.4589883272499969,0.1474244005442134,0.3115639267057835,0.2747042423204411,0.2931340845131123,0.2125,0.22332875457875456,1.8909382470348028
3560,analcatdata_dmft,openml_repeat0_fold0_sample0,cos_fpde,ok,,58,58,21,573,144,80,6,5,5,5,0.4589883272499969,0.004297511999993731,0.9702208133876395,0.3973247966594201,,0.0,0.4589883272499969,0.12833613747590594,0.33065218977409094,0.29596375637157957,0.31330797307283526,0.2125,0.22332875457875456,1.8909382470348028
3560,analcatdata_dmft,openml_repeat0_fold0_sample0,hyb_fpde_grid,ok,,58,58,21,573,144,80,6,5,5,5,0.4589883272499969,0.006653006000007622,1.0,0.4211455837678963,0.8,-5.551115123125783e-17,0.4589883272499969,0.14508994262010094,0.31389838462989594,0.2929139371745987,0.3034061609022473,0.2125,0.22332875457875456,1.8909382470348028
3560,analcatdata_dmft,openml_repeat0_fold0_sample0,shap,ok,,58,58,21,573,144,80,6,5,5,5,0.4589883272499969,0.21590245199999458,1.6996271274130748,,,,0.4589883272499969,0.07461469130740514,0.3843736359425918,0.35946874421082436,0.3719211900767081,0.2125,0.22332875457875456,1.8909382470348028
3560,analcatdata_dmft,openml_repeat0_fold0_sample0,lime,ok,,58,58,21,573,144,80,6,5,5,5,0.4589883272499969,0.016105133000010596,0.1729514175476911,,,,0.4589883272499969,0.38964684267649163,0.06934148457350525,0.11110177600179413,0.09022163028764969,0.2125,0.22332875457875456,1.8909382470348028
3560,analcatdata_dmft,openml_repeat0_fold0_sample0,aime,ok,,58,58,21,573,144,80,6,5,5,5,0.4589883272499969,0.005635664000010365,4.284991664963895,,,,0.4589883272499969,0.16193114631699032,0.2970571809330066,0.2760891313512655,0.2865731561421361,0.2125,0.22332875457875456,1.8909382470348028
3560,analcatdata_dmft,openml_repeat0_fold0_sample0,diff_fpde,ok,,59,59,21,573,144,80,6,5,2,2,0.24979981458909079,0.004261404999994056,0.698116855594333,0.39083930777624454,,3.3306690738754696e-16,0.24979981458909079,0.15770276329922736,0.09209705128986342,0.2577354439968981,0.17491624764338076,0.2125,0.22332875457875456,1.8909382470348028
3560,analcatdata_dmft,openml_repeat0_fold0_sample0,cos_fpde,ok,,59,59,21,573,144,80,6,5,2,2,0.24979981458909079,0.004326738000003161,1.2068083192345218,0.6007261896547607,,-2.220446049250313e-16,0.24979981458909079,0.15770276329922736,0.09209705128986342,0.2577354439968981,0.17491624764338076,0.2125,0.22332875457875456,1.8909382470348028
3560,analcatdata_dmft,openml_repeat0_fold0_sample0,hyb_fpde_grid,ok,,59,59,21,573,144,80,6,5,2,2,0.24979981458909079,0.006640101000002119,1.0,0.5474345695126173,0.8,0.0,0.24979981458909079,0.15770276329922736,0.09209705128986342,0.2577354439968981,0.17491624764338076,0.2125,0.22332875457875456,1.8909382470348028
3560,analcatdata_dmft,openml_repeat0_fold0_sample0,shap,ok,,59,59,21,573,144,80,6,5,2,2,0.24979981458909079,0.21631160700000862,1.6419283191835827,,,,0.24979981458909079,0.18375138688510573,0.06604842770398506,0.28887821175370454,0.1774633197288448,0.2125,0.22332875457875456,1.8909382470348028
3560,analcatdata_dmft,openml_repeat0_fold0_sample0,lime,ok,,59,59,21,573,144,80,6,5,2,2,0.24979981458909079,0.01590147199999592,0.11691293768122776,,,,0.24979981458909079,0.17880698029636644,0.07099283429272435,0.09693515902767844,0.08396399666020139,0.2125,0.22332875457875456,1.8909382470348028
3560,analcatdata_dmft,openml_repeat0_fold0_sample0,aime,ok,,59,59,21,573,144,80,6,5,2,2,0.24979981458909079,0.0054507579999949485,3.3129360989940326,,,,0.24979981458909079,0.18551256522566,0.06428724936343078,0.2431952014560843,0.15374122540975754,0.2125,0.22332875457875456,1.8909382470348028
3560,analcatdata_dmft,openml_repeat0_fold0_sample0,diff_fpde,ok,,60,60,21,573,144,80,6,5,5,5,0.27728164738852834,0.004208044999998606,0.6550152197393708,0.08966192384363506,,-7.494005416219807e-16,0.27728164738852834,0.08875835485286795,0.1885232925356604,0.25523400326864853,0.22187864790215445,0.2125,0.22332875457875456,1.8909382470348028
3560,analcatdata_dmft,openml_repeat0_fold0_sample0,cos_fpde,ok,,60,60,21,573,144,80,6,5,5,5,0.27728164738852834,0.00424580600000013,0.9533449312520008,0.10781669122957303,,-1.3877787807814457e-17,0.27728164738852834,0.09113933475031141,0.18614231263821693,0.2249224782313785,0.20553239543479773,0.2125,0.22332875457875456,1.8909382470348028
3560,analcatdata_dmft,openml_repeat0_fold0_sample0,hyb_fpde_grid,ok,,60,60,21,573,144,80,6,5,5,5,0.27728164738852834,0.006618741000011141,1.0,0.13212681322187553,0.8,2.7755575615628914e-17,0.27728164738852834,0.08875835485286795,0.1885232925356604,0.25523400326864853,0.22187864790215445,0.2125,0.22332875457875456,1.8909382470348028
3560,analcatdata_dmft,openml_repeat0_fold0_sample0,shap,ok,,60,60,21,573,144,80,6,5,5,5,0.27728164738852834,0.21547147700000835,1.8162782855436845,,,,0.27728164738852834,0.08279949568586707,0.19448215170266125,0.3244431452162932,0.2594626484594772,0.2125,0.22332875457875456,1.8909382470348028
3560,analcatdata_dmft,openml_repeat0_fold0_sample0,lime,ok,,60,60,21,573,144,80,6,5,5,5,0.27728164738852834,0.015662515000002486,0.1383527537147336,,,,0.27728164738852834,0.35443293338014853,-0.07715128599162019,0.07242235372500565,-0.0023644661333072706,0.2125,0.22332875457875456,1.8909382470348028
3560,analcatdata_dmft,openml_repeat0_fold0_sample0,aime,ok,,60,60,21,573,144,80,6,5,5,5,0.27728164738852834,0.005474120999991783,3.2591087418131517,,,,0.27728164738852834,0.08130244191239362,0.19597920547613473,0.2759105781943373,0.235944891835236,0.2125,0.22332875457875456,1.8909382470348028
3560,analcatdata_dmft,openml_repeat0_fold0_sample0,diff_fpde,ok,,61,61,21,573,144,80,6,5,5,5,0.34392401271198164,0.004195461999998429,0.8834097698941146,0.5139592352147779,,-2.220446049250313e-16,0.34392401271198164,0.12346327090329011,0.22046074180869152,0.27316098941589134,0.24681086561229143,0.2125,0.22332875457875456,1.8909382470348028
3560,analcatdata_dmft,openml_repeat0_fold0_sample0,cos_fpde,ok,,61,61,21,573,144,80,6,5,5,5,0.34392401271198164,0.004233282000001282,1.0940987249707987,0.6156321999368601,,1.1102230246251565e-16,0.34392401271198164,0.12141041871458098,0.22251359399740067,0.2906360312986324,0.2565748126480165,0.2125,0.22332875457875456,1.8909382470348028
3560,analcatdata_dmft,openml_repeat0_fold0_sample0,hyb_fpde_grid,ok,,61,61,21,573,144,80,6,5,5,5,0.34392401271198164,0.006625573999997414,1.0,0.5779691046730562,0.8,0.0,0.34392401271198164,0.12141041871458098,0.22251359399740067,0.2906360312986324,0.2565748126480165,0.2125,0.22332875457875456,1.8909382470348028
3560,analcatdata_dmft,openml_repeat0_fold0_sample0,shap,ok,,61,61,21,573,144,80,6,5,5,5,0.34392401271198164,0.2142699209999961,2.183081911751846,,,,0.34392401271198164,0.11214871833511604,0.23177529437686561,0.36702712988694486,0.29940121213190524,0.2125,0.22332875457875456,1.8909382470348028
3560,analcatdata_dmft,openml_repeat0_fold0_sample0,lime,ok,,61,61,21,573,144,80,6,5,5,5,0.34392401271198164,0.01581247600000779,0.1497120431991702,,,,0.34392401271198164,0.471975993605709,-0.12805198089372738,0.08635497031138996,-0.02084850529116871,0.2125,0.22332875457875456,1.8909382470348028
3560,analcatdata_dmft,openml_repeat0_fold0_sample0,aime,ok,,61,61,21,573,144,80,6,5,5,5,0.34392401271198164,0.005470204999994621,3.63164334861247,,,,0.34392401271198164,0.1114848753261543,0.23243913738582733,0.2751953336825929,0.2538172355342101,0.2125,0.22332875457875456,1.8909382470348028
3560,analcatdata_dmft,openml_repeat0_fold0_sample0,diff_fpde,ok,,62,62,21,573,144,80,6,5,5,5,0.7166001555955739,0.004202655000000277,0.6129909135773361,0.39544038620356836,,-1.1102230246251565e-16,0.7166001555955739,0.27157912502768494,0.44502103056788894,0.34058255548666955,0.39280179302727924,0.2125,0.22332875457875456,1.8909382470348028
3560,analcatdata_dmft,openml_repeat0_fold0_sample0,cos_fpde,ok,,62,62,21,573,144,80,6,5,5,5,0.7166001555955739,0.004238983000007579,0.887203064095276,0.5074210929582831,,1.1102230246251565e-16,0.7166001555955739,0.2888064621000158,0.42779369349555807,0.29845587499428816,0.3631247842449231,0.2125,0.22332875457875456,1.8909382470348028
3560,analcatdata_dmft,openml_repeat0_fold0_sample0,hyb_fpde_grid,ok,,62,62,21,573,144,80,6,5,5,5,0.7166001555955739,0.006589316000003009,1.0000000000000002,0.6304666182630122,0.8,1.1102230246251565e-16,0.7166001555955739,0.27157912502768494,0.44502103056788894,0.34058255548666955,0.39280179302727924,0.2125,0.22332875457875456,1.8909382470348028
3560,analcatdata_dmft,openml_repeat0_fold0_sample0,shap,ok,,62,62,21,573,144,80,6,5,5,5,0.7166001555955739,0.21459738300001163,2.6389848849596067,,,,0.7166001555955739,0.2196683826074288,0.49693177298814506,0.43326078085156294,0.465096276919854,0.2125,0.22332875457875456,1.8909382470348028
3560,analcatdata_dmft,openml_repeat0_fold0_sample0,lime,ok,,62,62,21,573,144,80,6,5,5,5,0.7166001555955739,0.016667474000001903,0.1642886906699265,,,,0.7166001555955739,0.4614157498797752,0.2551844057157987,0.18022441315672014,0.2177044094362594,0.2125,0.22332875457875456,1.8909382470348028
3560,analcatdata_dmft,openml_repeat0_fold0_sample0,aime,ok,,62,62,21,573,144,80,6,5,5,5,0.7166001555955739,0.005543482000007316,2.5621783934865223,,,,0.7166001555955739,0.20652715834203556,0.5100729972535383,0.3310967551151318,0.42058487618433504,0.2125,0.22332875457875456,1.8909382470348028
3560,analcatdata_dmft,openml_repeat0_fold0_sample0,diff_fpde,ok,,63,63,21,573,144,80,6,5,3,3,0.5242276452578551,0.004240776000003166,0.5699871983749598,0.013691837854088729,,2.7755575615628914e-16,0.5242276452578551,0.28773491418831487,0.23649273106954027,0.3881816200438142,0.3123371755566772,0.2125,0.22332875457875456,1.8909382470348028
3560,analcatdata_dmft,openml_repeat0_fold0_sample0,cos_fpde,ok,,63,63,21,573,144,80,6,5,3,3,0.5242276452578551,0.004314614999998412,1.0262181578240637,0.1804608136733455,,2.7755575615628914e-16,0.5242276452578551,0.27646416485102276,0.24776348040683238,0.3787688286338148,0.3132661545203236,0.2125,0.22332875457875456,1.8909382470348028
3560,analcatdata_dmft,openml_repeat0_fold0_sample0,hyb_fpde_grid,ok,,63,63,21,573,144,80,6,5,3,3,0.5242276452578551,0.006657513999996922,1.0,0.054387114459971964,0.8,-6.938893903907228e-17,0.5242276452578551,0.28773491418831487,0.23649273106954027,0.3881816200438142,0.3123371755566772,0.2125,0.22332875457875456,1.8909382470348028
3560,analcatdata_dmft,openml_repeat0_fold0_sample0,shap,ok,,63,63,21,573,144,80,6,5,3,3,0.5242276452578551,0.21561962399999857,1.426767539546168,,,,0.5242276452578551,0.2996140756754745,0.22461356958238066,0.3999338468886764,0.3122737082355285,0.2125,0.22332875457875456,1.8909382470348028
3560,analcatdata_dmft,openml_repeat0_fold0_sample0,lime,ok,,63,63,21,573,144,80,6,5,3,3,0.5242276452578551,0.015655293000008896,0.18410409287996013,,,,0.5242276452578551,0.47701808937694307,0.04720955588091208,0.21611220644953472,0.1316608811652234,0.2125,0.22332875457875456,1.8909382470348028
3560,analcatdata_dmft,openml_repeat0_fold0_sample0,aime,ok,,63,63,21,573,144,80,6,5,3,3,0.5242276452578551,0.005495671999995011,3.5395670154828687,,,,0.5242276452578551,0.2893774689424839,0.23485017631537125,0.4128580979493426,0.3238541371323569,0.2125,0.22332875457875456,1.8909382470348028
3560,analcatdata_dmft,openml_repeat0_fold0_sample0,diff_fpde,ok,,64,64,21,573,144,80,6,5,1,1,0.4911776712777083,0.0041905430000070965,0.41485892713671646,0.21234099843698898,,5.828670879282072e-16,0.4911776712777083,0.1843447906400579,0.30683288063765035,0.38667885105934147,0.34675586584849594,0.2125,0.22332875457875456,1.8909382470348028
3560,analcatdata_dmft,openml_repeat0_fold0_sample0,cos_fpde,ok,,64,64,21,573,144,80,6,5,1,1,0.4911776712777083,0.004247659000000681,0.47915701100376173,0.18608188463582268,,-5.551115123125783e-17,0.4911776712777083,0.15311656945666863,0.33806110182103966,0.37993698426851386,0.35899904304477676,0.2125,0.22332875457875456,1.8909382470348028
3560,analcatdata_dmft,openml_repeat0_fold0_sample0,hyb_fpde_grid,ok,,64,64,21,573,144,80,6,5,1,1,0.4911776712777083,0.0065788069999968,0.973947066345456,0.48714176430410194,0.8,0.0,0.4911776712777083,0.17151968205823753,0.31965798921947075,0.3943210414320405,0.3569895153257556,0.2125,0.22332875457875456,1.8909382470348028
3560,analcatdata_dmft,openml_repeat0_fold0_sample0,shap,ok,,64,64,21,573,144,80,6,5,1,1,0.4911776712777083,0.21570102599999075,1.6766305522937799,,,,0.4911776712777083,0.11733206321317496,0.3738456080645333,0.3436261897124324,0.3587358988884829,0.2125,0.22332875457875456,1.8909382470348028
3560,analcatdata_dmft,openml_repeat0_fold0_sample0,lime,ok,,64,64,21,573,144,80,6,5,1,1,0.4911776712777083,0.015654200000000174,0.20884812273194273,,,,0.4911776712777083,0.45609445809495286,0.035083213182755424,0.11855249947322599,0.07681785632799071,0.2125,0.22332875457875456,1.8909382470348028
3560,analcatdata_dmft,openml_repeat0_fold0_sample0,aime,ok,,64,64,21,573,144,80,6,5,1,1,0.4911776712777083,0.005443964999997775,5.3179688588903495,,,,0.4911776712777083,0.1583417742032698,0.3328358970744385,0.3671347898652707,0.3499853434698546,0.2125,0.22332875457875456,1.8909382470348028
3560,analcatdata_dmft,openml_repeat0_fold0_sample0,diff_fpde,ok,,65,65,21,573,144,80,6,5,5,5,0.5978808582221908,0.004245634999989534,0.591938802265781,0.04428592268955428,,-1.6653345369377348e-16,0.5978808582221908,0.14115788681311564,0.4567229714090752,0.3124363708152529,0.38457967111216407,0.2125,0.22332875457875456,1.8909382470348028
3560,analcatdata_dmft,openml_repeat0_fold0_sample0,cos_fpde,ok,,65,65,21,573,144,80,6,5,5,5,0.5978808582221908,0.0042663750000002665,0.9309626885423864,0.020891666483053295,,-1.6653345369377348e-16,0.5978808582221908,0.14843817101520662,0.4494426872069842,0.2649778758107631,0.3572102815088737,0.2125,0.22332875457875456,1.8909382470348028
3560,analcatdata_dmft,openml_repeat0_fold0_sample0,hyb_fpde_grid,ok,,65,65,21,573,144,80,6,5,5,5,0.5978808582221908,0.006580489999990391,1.0,0.06434021421003114,0.8,-6.938893903907228e-17,0.5978808582221908,0.14115788681311564,0.4567229714090752,0.3124363708152529,0.38457967111216407,0.2125,0.22332875457875456,1.8909382470348028
3560,analcatdata_dmft,openml_repeat0_fold0_sample0,shap,ok,,65,65,21,573,144,80,6,5,5,5,0.5978808582221908,0.21447215899999605,2.18957632257578,,,,0.5978808582221908,0.15877104699060224,0.4391098112315886,0.39924953073664066,0.4191796709841146,0.2125,0.22332875457875456,1.8909382470348028
3560,analcatdata_dmft,openml_repeat0_fold0_sample0,lime,ok,,65,65,21,573,144,80,6,5,5,5,0.5978808582221908,0.015970240000001468,0.15044051068728603,,,,0.5978808582221908,0.5240948445092815,0.07378601371290938,0.12767844163981315,0.10073222767636127,0.2125,0.22332875457875456,1.8909382470348028
3560,analcatdata_dmft,openml_repeat0_fold0_sample0,aime,ok,,65,65,21,573,144,80,6,5,5,5,0.5978808582221908,0.005470475000009856,3.235236691232407,,,,0.5978808582221908,0.11025719315347093,0.4876236650687199,0.3965853645022892,0.44210451478550455,0.2125,0.22332875457875456,1.8909382470348028
3560,analcatdata_dmft,openml_repeat0_fold0_sample0,diff_fpde,ok,,66,66,21,573,144,80,6,5,5,5,0.6772629604331852,0.004200402000009262,0.5415183268105876,0.1106357066151708,,-7.216449660063518e-16,0.6772629604331852,0.16462972622936317,0.512633234203822,0.3186828580666946,0.4156580461352583,0.2125,0.22332875457875456,1.8909382470348028
3560,analcatdata_dmft,openml_repeat0_fold0_sample0,cos_fpde,ok,,66,66,21,573,144,80,6,5,5,5,0.6772629604331852,0.004259411999996132,0.777061789750789,0.1235595416631666,,-2.7755575615628914e-17,0.6772629604331852,0.17667754396937918,0.500585416463806,0.28513110008816245,0.39285825827598425,0.2125,0.22332875457875456,1.8909382470348028
3560,analcatdata_dmft,openml_repeat0_fold0_sample0,hyb_fpde_grid,ok,,66,66,21,573,144,80,6,5,5,5,0.6772629604331852,0.006626945999997247,1.0000000000000002,0.19524691788015452,0.8,2.7755575615628914e-17,0.6772629604331852,0.16462972622936317,0.512633234203822,0.3186828580666946,0.4156580461352583,0.2125,0.22332875457875456,1.8909382470348028
3560,analcatdata_dmft,openml_repeat0_fold0_sample0,shap,ok,,66,66,21,573,144,80,6,5,5,5,0.6772629604331852,0.21643957599999908,2.8791377788138126,,,,0.6772629604331852,0.19253872039057507,0.48472424004261017,0.36786743250447557,0.42629583627354284,0.2125,0.22332875457875456,1.8909382470348028
3560,analcatdata_dmft,openml_repeat0_fold0_sample0,lime,ok,,66,66,21,573,144,80,6,5,5,5,0.6772629604331852,0.015757321999998908,0.14629745313629214,,,,0.6772629604331852,0.48352465783580006,0.19373830259738517,0.15378763208240703,0.1737629673398961,0.2125,0.22332875457875456,1.8909382470348028
3560,analcatdata_dmft,openml_repeat0_fold0_sample0,aime,ok,,66,66,21,573,144,80,6,5,5,5,0.6772629604331852,0.005513515000004077,3.5442752436115827,,,,0.6772629604331852,0.19511544729019042,0.4821475131429948,0.38710059325526436,0.43462405319912956,0.2125,0.22332875457875456,1.8909382470348028
3560,analcatdata_dmft,openml_repeat0_fold0_sample0,diff_fpde,ok,,67,67,21,573,144,80,6,0,3,3,0.39572228014239236,0.0042339230000010275,0.5633484932564232,-0.32286338434244577,,0.0,0.39572228014239236,0.13461471003559441,0.26110757010679797,0.30032813094640454,0.28071785052660125,0.2125,0.22332875457875456,1.8909382470348028
3560,analcatdata_dmft,openml_repeat0_fold0_sample0,cos_fpde,ok,,67,67,21,573,144,80,6,0,3,3,0.39572228014239236,0.004284558999998467,0.956357085601998,-0.5138109099762219,,1.1102230246251565e-16,0.39572228014239236,0.13461471003559441,0.26110757010679797,0.30032813094640454,0.28071785052660125,0.2125,0.22332875457875456,1.8909382470348028
3560,analcatdata_dmft,openml_repeat0_fold0_sample0,hyb_fpde_grid,ok,,67,67,21,573,144,80,6,0,3,3,0.39572228014239236,0.006693331000008129,0.9999999999999998,-0.5659435626898451,0.8,0.0,0.39572228014239236,0.13461471003559441,0.26110757010679797,0.30032813094640454,0.28071785052660125,0.2125,0.22332875457875456,1.8909382470348028
3560,analcatdata_dmft,openml_repeat0_fold0_sample0,shap,ok,,67,67,21,573,144,80,6,0,3,3,0.39572228014239236,0.21598841300000515,1.2071788878647953,,,,0.39572228014239236,0.21230698897389091,0.18341529116850144,0.3914412879831435,0.28742828957582245,0.2125,0.22332875457875456,1.8909382470348028
3560,analcatdata_dmft,openml_repeat0_fold0_sample0,lime,ok,,67,67,21,573,144,80,6,0,3,3,0.39572228014239236,0.015895741000008456,0.15232197360498953,,,,0.39572228014239236,0.3510819995640737,0.04464028057831865,0.1330829028945515,0.08886159173643507,0.2125,0.22332875457875456,1.8909382470348028
3560,analcatdata_dmft,openml_repeat0_fold0_sample0,aime,ok,,67,67,21,573,144,80,6,0,3,3,0.39572228014239236,0.005535557000001745,4.287070326941209,,,,0.39572228014239236,0.15464050576069374,0.24108177438169862,0.34656079694342223,0.29382128566256044,0.2125,0.22332875457875456,1.8909382470348028
3560,analcatdata_dmft,openml_repeat0_fold0_sample0,diff_fpde,ok,,68,68,21,573,144,80,6,0,2,2,0.23593563180131516,0.0042260689999977785,0.5735403778984137,-0.10838851560393453,,7.216449660063518e-16,0.23593563180131516,0.15050318356750494,0.08543244823381022,0.22899996407788492,0.15721620615584758,0.2125,0.22332875457875456,1.8909382470348028
3560,analcatdata_dmft,openml_repeat0_fold0_sample0,cos_fpde,ok,,68,68,21,573,144,80,6,0,2,2,0.23593563180131516,0.004329041999994843,0.77476972339997,-0.10542562299049446,,5.551115123125783e-17,0.23593563180131516,0.13540931646352383,0.10052631533779133,0.23511627364697735,0.16782129449238434,0.2125,0.22332875457875456,1.8909382470348028
3560,analcatdata_dmft,openml_repeat0_fold0_sample0,hyb_fpde_grid,ok,,68,68,21,573,144,80,6,0,2,2,0.23593563180131516,0.00665378699999053,0.9999999999999999,-0.17839989129473247,0.8,2.7755575615628914e-17,0.23593563180131516,0.15108382218936217,0.08485180961195299,0.23508606524502612,0.15996893742848955,0.2125,0.22332875457875456,1.8909382470348028
3560,analcatdata_dmft,openml_repeat0_fold0_sample0,shap,ok,,68,68,21,573,144,80,6,0,2,2,0.23593563180131516,0.21570985399999643,1.770694151977636,,,,0.23593563180131516,0.10795221785229744,0.12798341394901772,0.2804088713348717,0.2041961426419447,0.2125,0.22332875457875456,1.8909382470348028
3560,analcatdata_dmft,openml_repeat0_fold0_sample0,lime,ok,,68,68,21,573,144,80,6,0,2,2,0.23593563180131516,0.015655191000007562,0.12261352318602443,,,,0.23593563180131516,0.2286540725727284,0.007281559228586754,0.07265811984261654,0.039969839535601646,0.2125,0.22332875457875456,1.8909382470348028
3560,analcatdata_dmft,openml_repeat0_fold0_sample0,aime,ok,,68,68,21,573,144,80,6,0,2,2,0.23593563180131516,0.0055075699999918015,5.67329296785048,,,,0.23593563180131516,0.11335265062787933,0.12258298117343583,0.25258316500762634,0.18758307309053107,0.2125,0.22332875457875456,1.8909382470348028
3560,analcatdata_dmft,openml_repeat0_fold0_sample0,diff_fpde,ok,,69,69,21,573,144,80,6,0,5,5,0.2658286516342065,0.004300154999995698,0.682236722403641,-0.3762791442616201,,-3.3306690738754696e-16,0.2658286516342065,0.07117029539788143,0.19465835623632505,0.19576263416206027,0.19521049519919265,0.2125,0.22332875457875456,1.8909382470348028
3560,analcatdata_dmft,openml_repeat0_fold0_sample0,cos_fpde,ok,,69,69,21,573,144,80,6,0,5,5,0.2658286516342065,0.004304512999993904,1.009061369251364,-0.39452430075870865,,-5.551115123125783e-17,0.2658286516342065,0.09490739067137413,0.17092126096283236,0.19028866687255985,0.1806049639176961,0.2125,0.22332875457875456,1.8909382470348028
3560,analcatdata_dmft,openml_repeat0_fold0_sample0,hyb_fpde_grid,ok,,69,69,21,573,144,80,6,0,5,5,0.2658286516342065,0.006617884999997159,0.9999999999999998,-0.5194263040080049,0.8,0.0,0.2658286516342065,0.09087359630549056,0.1749550553287159,0.1942638666826175,0.18460946100566672,0.2125,0.22332875457875456,1.8909382470348028
3560,analcatdata_dmft,openml_repeat0_fold0_sample0,shap,ok,,69,69,21,573,144,80,6,0,5,5,0.2658286516342065,0.21492749700000502,1.489619301110979,,,,0.2658286516342065,0.06505397926991094,0.20077467236429555,0.2766128434049722,0.23869375788463387,0.2125,0.22332875457875456,1.8909382470348028
3560,analcatdata_dmft,openml_repeat0_fold0_sample0,lime,ok,,69,69,21,573,144,80,6,0,5,5,0.2658286516342065,0.01563310999999601,0.13412380522996448,,,,0.2658286516342065,0.2642610719796927,0.0015675796545138176,0.07523812768013992,0.03840285366732687,0.2125,0.22332875457875456,1.8909382470348028
3560,analcatdata_dmft,openml_repeat0_fold0_sample0,aime,ok,,69,69,21,573,144,80,6,0,5,5,0.2658286516342065,0.005512479999993047,4.5693444565034795,,,,0.2658286516342065,0.05664309674693471,0.20918555488727178,0.24479954716112054,0.22699255102419616,0.2125,0.22332875457875456,1.8909382470348028
3560,analcatdata_dmft,openml_repeat0_fold0_sample0,diff_fpde,ok,,70,70,21,573,144,80,6,0,0,0,0.37466653404060524,0.004197051999994983,0.5723500609455459,-0.18479709690859344,,2.498001805406602e-16,0.37466653404060524,0.19366678016158137,0.18099975387902387,0.2954089517171613,0.2382043527980926,0.2125,0.22332875457875456,1.8909382470348028
3560,analcatdata_dmft,openml_repeat0_fold0_sample0,cos_fpde,ok,,70,70,21,573,144,80,6,0,0,0,0.37466653404060524,0.004246864999998934,0.773776532180005,-0.23355814533073643,,0.0,0.37466653404060524,0.23093175054410084,0.1437347834965044,0.3008881166334718,0.2223114500649881,0.2125,0.22332875457875456,1.8909382470348028
3560,analcatdata_dmft,openml_repeat0_fold0_sample0,hyb_fpde_grid,ok,,70,70,21,573,144,80,6,0,0,0,0.37466653404060524,0.006634004999995113,1.0,-0.31866777172837635,0.8,-5.551115123125783e-17,0.37466653404060524,0.20797596527371456,0.16669056876689067,0.29716525533896876,0.23192791205292973,0.2125,0.22332875457875456,1.8909382470348028
3560,analcatdata_dmft,openml_repeat0_fold0_sample0,shap,ok,,70,70,21,573,144,80,6,0,0,0,0.37466653404060524,0.21606765699999642,2.151709807546131,,,,0.37466653404060524,0.17830266865778985,0.1963638653828154,0.2887670759544492,0.24256547066863232,0.2125,0.22332875457875456,1.8909382470348028
3560,analcatdata_dmft,openml_repeat0_fold0_sample0,lime,ok,,70,70,21,573,144,80,6,0,0,0,0.37466653404060524,0.01572735499999567,0.13716590828962985,,,,0.37466653404060524,0.3240334864276432,0.05063304761296206,0.1390630085584661,0.09484802808571408,0.2125,0.22332875457875456,1.8909382470348028
3560,analcatdata_dmft,openml_repeat0_fold0_sample0,aime,ok,,70,70,21,573,144,80,6,0,0,0,0.37466653404060524,0.00551952299998959,2.6163640095396055,,,,0.37466653404060524,0.223700378003728,0.15096615603687724,0.3268110159902249,0.23888858601355106,0.2125,0.22332875457875456,1.8909382470348028
3560,analcatdata_dmft,openml_repeat0_fold0_sample0,diff_fpde,ok,,71,71,21,573,144,80,6,0,4,4,0.3799411974806023,0.0042084130000006326,0.39428481423897493,0.029004633684552153,,6.245004513516506e-16,0.3799411974806023,0.0787565187928532,0.3011846786877491,0.1660549713556076,0.23361982502167836,0.2125,0.22332875457875456,1.8909382470348028
3560,analcatdata_dmft,openml_repeat0_fold0_sample0,cos_fpde,ok,,71,71,21,573,144,80,6,0,4,4,0.3799411974806023,0.004257804999994619,0.5588803190292758,-0.1459763347873145,,2.7755575615628914e-17,0.3799411974806023,0.07937733108224429,0.30056386639835797,0.14379727517958432,0.22218057078897113,0.2125,0.22332875457875456,1.8909382470348028
3560,analcatdata_dmft,openml_repeat0_fold0_sample0,hyb_fpde_grid,ok,,71,71,21,573,144,80,6,0,4,4,0.3799411974806023,0.006641519999988077,0.9759960107784648,0.00661126250029051,0.8,2.7755575615628914e-17,0.3799411974806023,0.07763511561387701,0.30230608186672525,0.15584814634856914,0.2290771141076472,0.2125,0.22332875457875456,1.8909382470348028
3560,analcatdata_dmft,openml_repeat0_fold0_sample0,shap,ok,,71,71,21,573,144,80,6,0,4,4,0.3799411974806023,0.21482287199999917,1.785769139603113,,,,0.3799411974806023,0.059487708614967744,0.3204534888656345,0.24176543666674977,0.28110946276619214,0.2125,0.22332875457875456,1.8909382470348028
3560,analcatdata_dmft,openml_repeat0_fold0_sample0,lime,ok,,71,71,21,573,144,80,6,0,4,4,0.3799411974806023,0.015687231000001134,0.0849534232913627,,,,0.3799411974806023,0.2095322061477094,0.1704089913328929,0.0956901478278919,0.13304956958039238,0.2125,0.22332875457875456,1.8909382470348028
3560,analcatdata_dmft,openml_repeat0_fold0_sample0,aime,ok,,71,71,21,573,144,80,6,0,4,4,0.3799411974806023,0.0055083010000060995,5.475966119679376,,,,0.3799411974806023,0.08511547884641954,0.2948257186341827,0.20878756830599415,0.2518066434700884,0.2125,0.22332875457875456,1.8909382470348028
3560,analcatdata_dmft,openml_repeat0_fold0_sample0,diff_fpde,ok,,72,72,21,573,144,80,6,0,2,2,0.42386353235713037,0.004230103999987023,0.7498817736655574,-0.08723877030183363,,3.885780586188048e-16,0.42386353235713037,0.2415538129919046,0.18230971936522578,0.33364224293706474,0.2579759811511453,0.2125,0.22332875457875456,1.8909382470348028
3560,analcatdata_dmft,openml_repeat0_fold0_sample0,cos_fpde,ok,,72,72,21,573,144,80,6,0,2,2,0.42386353235713037,0.004276079999996796,1.222585783938904,-0.05113772197100021,,-1.3877787807814457e-17,0.42386353235713037,0.2566138034182017,0.16724972893892864,0.3077337472209427,0.23749173807993568,0.2125,0.22332875457875456,1.8909382470348028
3560,analcatdata_dmft,openml_repeat0_fold0_sample0,hyb_fpde_grid,ok,,72,72,21,573,144,80,6,0,2,2,0.42386353235713037,0.006617464000001405,1.0,-0.10143486178996863,0.8,5.551115123125783e-17,0.42386353235713037,0.2415538129919046,0.18230971936522578,0.33364224293706474,0.2579759811511453,0.2125,0.22332875457875456,1.8909382470348028
3560,analcatdata_dmft,openml_repeat0_fold0_sample0,shap,ok,,72,72,21,573,144,80,6,0,2,2,0.42386353235713037,0.21506728100000316,2.509994775687936,,,,0.42386353235713037,0.25291954814844064,0.17094398420868973,0.30538315455151366,0.2381635693801017,0.2125,0.22332875457875456,1.8909382470348028
3560,analcatdata_dmft,openml_repeat0_fold0_sample0,lime,ok,,72,72,21,573,144,80,6,0,2,2,0.42386353235713037,0.015773202000005426,0.11267368817754117,,,,0.42386353235713037,0.3143241046197272,0.10953942773740316,0.19450555252285184,0.1520224901301275,0.2125,0.22332875457875456,1.8909382470348028
3560,analcatdata_dmft,openml_repeat0_fold0_sample0,aime,ok,,72,72,21,573,144,80,6,0,2,2,0.42386353235713037,0.005517729999994003,4.78424664575696,,,,0.42386353235713037,0.25561916108326305,0.16824437127386732,0.2974402829965647,0.23284232713521602,0.2125,0.22332875457875456,1.8909382470348028
3560,analcatdata_dmft,openml_repeat0_fold0_sample0,diff_fpde,ok,,73,73,21,573,144,80,6,0,2,2,0.30405302168003395,0.004244180000000597,0.7671115345108017,0.126003181461057,,2.7755575615628914e-16,0.30405302168003395,0.15653023305302619,0.14752278862700777,0.1661629419966799,0.15684286531184383,0.2125,0.22332875457875456,1.8909382470348028
3560,analcatdata_dmft,openml_repeat0_fold0_sample0,cos_fpde,ok,,73,73,21,573,144,80,6,0,2,2,0.30405302168003395,0.00433359699999869,1.1557224348190316,0.18390474389514982,,2.7755575615628914e-17,0.30405302168003395,0.14870479756225063,0.15534822411778332,0.16678046322955087,0.1610643436736671,0.2125,0.22332875457875456,1.8909382470348028
3560,analcatdata_dmft,openml_repeat0_fold0_sample0,hyb_fpde_grid,ok,,73,73,21,573,144,80,6,0,2,2,0.30405302168003395,0.0066310899999990625,1.0000000000000002,0.1632304022845295,0.8,0.0,0.30405302168003395,0.14870479756225063,0.15534822411778332,0.16678046322955087,0.1610643436736671,0.2125,0.22332875457875456,1.8909382470348028
3560,analcatdata_dmft,openml_repeat0_fold0_sample0,shap,ok,,73,73,21,573,144,80,6,0,2,2,0.30405302168003395,0.21534002399999963,1.9074298951803432,,,,0.30405302168003395,0.10405007778115671,0.20000294389887724,0.3173790770149678,0.25869101045692255,0.2125,0.22332875457875456,1.8909382470348028
3560,analcatdata_dmft,openml_repeat0_fold0_sample0,lime,ok,,73,73,21,573,144,80,6,0,2,2,0.30405302168003395,0.015716073999996638,0.13375104336296817,,,,0.30405302168003395,0.2616465059591862,0.04240651572084775,0.08420511546795739,0.06330581559440257,0.2125,0.22332875457875456,1.8909382470348028
3560,analcatdata_dmft,openml_repeat0_fold0_sample0,aime,ok,,73,73,21,573,144,80,6,0,2,2,0.30405302168003395,0.005517869999991376,5.469082731113601,,,,0.30405302168003395,0.12172090005440517,0.18233212162562878,0.2587733520345843,0.22055273683010654,0.2125,0.22332875457875456,1.8909382470348028
3560,analcatdata_dmft,openml_repeat0_fold0_sample0,diff_fpde,ok,,74,74,21,573,144,80,6,0,0,0,0.30496348231375037,0.004236344999995367,0.6327973691402504,0.31050120741636944,,1.1102230246251565e-16,0.30496348231375037,0.13059754689221886,0.1743659354215315,0.30382662668637794,0.23909628105395472,0.2125,0.22332875457875456,1.8909382470348028
3560,analcatdata_dmft,openml_repeat0_fold0_sample0,cos_fpde,ok,,74,74,21,573,144,80,6,0,0,0,0.30496348231375037,0.0042883429999989175,1.1347104259465939,0.42737945101049823,,1.6653345369377348e-16,0.30496348231375037,0.11186301175722857,0.1931004705565218,0.27862268922892847,0.23586157989272513,0.2125,0.22332875457875456,1.8909382470348028
3560,analcatdata_dmft,openml_repeat0_fold0_sample0,hyb_fpde_grid,ok,,74,74,21,573,144,80,6,0,0,0,0.30496348231375037,0.00661852700000054,0.9958099984108695,0.467872618663785,0.8,-2.220446049250313e-16,0.30496348231375037,0.13059754689221886,0.1743659354215315,0.30382662668637794,0.23909628105395472,0.2125,0.22332875457875456,1.8909382470348028
3560,analcatdata_dmft,openml_repeat0_fold0_sample0,shap,ok,,74,74,21,573,144,80,6,0,0,0,0.30496348231375037,0.21969305699998642,1.6997339141536931,,,,0.30496348231375037,0.08891085396264113,0.21605262835110922,0.33317372768434006,0.27461317801772467,0.2125,0.22332875457875456,1.8909382470348028
3560,analcatdata_dmft,openml_repeat0_fold0_sample0,lime,ok,,74,74,21,573,144,80,6,0,0,0,0.30496348231375037,0.01569039700000019,0.1375321364936806,,,,0.30496348231375037,0.3518989627632201,-0.04693548044946971,0.10138337888075054,0.027223949215640413,0.2125,0.22332875457875456,1.8909382470348028
3560,analcatdata_dmft,openml_repeat0_fold0_sample0,aime,ok,,74,74,21,573,144,80,6,0,0,0,0.30496348231375037,0.005521165999994082,3.451789295798889,,,,0.30496348231375037,0.1862751829779254,0.11868829933582498,0.29569113813208764,0.2071897187339563,0.2125,0.22332875457875456,1.8909382470348028
3560,analcatdata_dmft,openml_repeat0_fold0_sample0,diff_fpde,ok,,75,75,21,573,144,80,6,0,4,4,0.2899993051212855,0.004246484999995914,0.6785935389411839,0.4829045162254309,,4.996003610813204e-16,0.2899993051212855,0.06972751161053294,0.2202717935107526,0.15679549539572074,0.18853364445323667,0.2125,0.22332875457875456,1.8909382470348028
3560,analcatdata_dmft,openml_repeat0_fold0_sample0,cos_fpde,ok,,75,75,21,573,144,80,6,0,4,4,0.2899993051212855,0.004297470000011572,0.8133831303823769,0.5602834287366526,,-1.1102230246251565e-16,0.2899993051212855,0.06827418803089443,0.2217251170903911,0.14591924832992698,0.18382218271015904,0.2125,0.22332875457875456,1.8909382470348028
3560,analcatdata_dmft,openml_repeat0_fold0_sample0,hyb_fpde_grid,ok,,75,75,21,573,144,80,6,0,4,4,0.2899993051212855,0.006593518999991943,0.9991509791277712,0.7070666374539067,0.8,1.1102230246251565e-16,0.2899993051212855,0.07143319283352181,0.2185661122877637,0.15580020015876697,0.18718315622326534,0.2125,0.22332875457875456,1.8909382470348028
3560,analcatdata_dmft,openml_repeat0_fold0_sample0,shap,ok,,75,75,21,573,144,80,6,0,4,4,0.2899993051212855,0.21679884800001048,2.055085852770308,,,,0.2899993051212855,0.08150595628492752,0.208493348836358,0.2183653338674876,0.21342934135192282,0.2125,0.22332875457875456,1.8909382470348028
3560,analcatdata_dmft,openml_repeat0_fold0_sample0,lime,ok,,75,75,21,573,144,80,6,0,4,4,0.2899993051212855,0.015786806999997793,0.06500712287839505,,,,0.2899993051212855,0.21112175826679075,0.07887754685449477,0.07863006755241131,0.07875380720345304,0.2125,0.22332875457875456,1.8909382470348028
3560,analcatdata_dmft,openml_repeat0_fold0_sample0,aime,ok,,75,75,21,573,144,80,6,0,4,4,0.2899993051212855,0.005508632000001512,5.956378750724866,,,,0.2899993051212855,0.09615973314717084,0.19383957197411467,0.23883831212217416,0.2163389420481444,0.2125,0.22332875457875456,1.8909382470348028
3560,analcatdata_dmft,openml_repeat0_fold0_sample0,diff_fpde,ok,,76,76,21,573,144,80,6,0,0,0,0.3491820654834038,0.004233158999994657,0.6011179376192742,0.4440395055185671,,0.0,0.3491820654834038,0.16741502316406104,0.18176704231934276,0.31683871933431806,0.24930288082683041,0.2125,0.22332875457875456,1.8909382470348028
3560,analcatdata_dmft,openml_repeat0_fold0_sample0,cos_fpde,ok,,76,76,21,573,144,80,6,0,0,0,0.3491820654834038,0.004302058999996916,0.9055264561608599,0.6291947382937608,,0.0,0.3491820654834038,0.14999149796985317,0.19919056751355063,0.32607877405092334,0.262634670782237,0.2125,0.22332875457875456,1.8909382470348028
3560,analcatdata_dmft,openml_repeat0_fold0_sample0,hyb_fpde_grid,ok,,76,76,21,573,144,80,6,0,0,0,0.3491820654834038,0.006675654000005693,1.0000000000000002,0.7299193163719983,0.8,0.0,0.3491820654834038,0.16741502316406104,0.18176704231934276,0.31683871933431806,0.24930288082683041,0.2125,0.22332875457875456,1.8909382470348028
3560,analcatdata_dmft,openml_repeat0_fold0_sample0,shap,ok,,76,76,21,573,144,80,6,0,0,0,0.3491820654834038,0.22793629899999246,1.588033007778768,,,,0.3491820654834038,0.12189214126034105,0.22728992422306277,0.3313706914561946,0.27933030783962864,0.2125,0.22332875457875456,1.8909382470348028
3560,analcatdata_dmft,openml_repeat0_fold0_sample0,lime,ok,,76,76,21,573,144,80,6,0,0,0,0.3491820654834038,0.01586406100000204,0.1596934232680671,,,,0.3491820654834038,0.32299325215245644,0.026188813330947358,0.09950480346616959,0.06284680839855847,0.2125,0.22332875457875456,1.8909382470348028
3560,analcatdata_dmft,openml_repeat0_fold0_sample0,aime,ok,,76,76,21,573,144,80,6,0,0,0,0.3491820654834038,0.005402834999998163,3.7340933984102893,,,,0.3491820654834038,0.22473250004767514,0.12444956543572866,0.30100694636674286,0.21272825590123576,0.2125,0.22332875457875456,1.8909382470348028
3560,analcatdata_dmft,openml_repeat0_fold0_sample0,diff_fpde,ok,,77,77,21,573,144,80,6,0,1,1,0.2948835285104757,0.004217128999997044,0.48265017881548516,-0.20886031798062915,,-1.6653345369377348e-16,0.2948835285104757,0.18629683232344207,0.10858669618703365,0.3260231662993306,0.21730493124318212,0.2125,0.22332875457875456,1.8909382470348028
3560,analcatdata_dmft,openml_repeat0_fold0_sample0,cos_fpde,ok,,77,77,21,573,144,80,6,0,1,1,0.2948835285104757,0.004233199000012178,1.0040812973913646,-0.411327221891392,,-1.6653345369377348e-16,0.2948835285104757,0.19379406780036393,0.1010894607101118,0.3206420032116878,0.2108657319608998,0.2125,0.22332875457875456,1.8909382470348028
3560,analcatdata_dmft,openml_repeat0_fold0_sample0,hyb_fpde_grid,ok,,77,77,21,573,144,80,6,0,1,1,0.2948835285104757,0.006556731000003424,0.9999760766723604,-0.42812020777034676,0.8,1.6653345369377348e-16,0.2948835285104757,0.18629683232344207,0.10858669618703365,0.3260231662993306,0.21730493124318212,0.2125,0.22332875457875456,1.8909382470348028
3560,analcatdata_dmft,openml_repeat0_fold0_sample0,shap,ok,,77,77,21,573,144,80,6,0,1,1,0.2948835285104757,0.2151769090000073,1.1649277711184087,,,,0.2948835285104757,0.13056265883919413,0.1643208696712816,0.3247165633429816,0.24451871650713158,0.2125,0.22332875457875456,1.8909382470348028
3560,analcatdata_dmft,openml_repeat0_fold0_sample0,lime,ok,,77,77,21,573,144,80,6,0,1,1,0.2948835285104757,0.01584441400000003,0.18491426639356132,,,,0.2948835285104757,0.43910486425304235,-0.14422133574256663,0.11000998273029253,-0.01710567650613705,0.2125,0.22332875457875456,1.8909382470348028
3560,analcatdata_dmft,openml_repeat0_fold0_sample0,aime,ok,,77,77,21,573,144,80,6,0,1,1,0.2948835285104757,0.005440766000006647,4.91597785768819,,,,0.2948835285104757,0.15376493736862232,0.1411185911418534,0.3272867247628437,0.23420265795234857,0.2125,0.22332875457875456,1.8909382470348028
3560,analcatdata_dmft,openml_repeat0_fold0_sample0,diff_fpde,ok,,78,78,21,573,144,80,6,0,3,3,0.39572228014239236,0.004211879999999724,0.5633484932564232,-0.32286338434244577,,0.0,0.39572228014239236,0.13461471003559441,0.26110757010679797,0.30032813094640454,0.28071785052660125,0.2125,0.22332875457875456,1.8909382470348028
3560,analcatdata_dmft,openml_repeat0_fold0_sample0,cos_fpde,ok,,78,78,21,573,144,80,6,0,3,3,0.39572228014239236,0.004258515999993051,0.956357085601998,-0.5138109099762219,,1.1102230246251565e-16,0.39572228014239236,0.13461471003559441,0.26110757010679797,0.30032813094640454,0.28071785052660125,0.2125,0.22332875457875456,1.8909382470348028
3560,analcatdata_dmft,openml_repeat0_fold0_sample0,hyb_fpde_grid,ok,,78,78,21,573,144,80,6,0,3,3,0.39572228014239236,0.006612505000006763,0.9999999999999998,-0.5659435626898451,0.8,0.0,0.39572228014239236,0.13461471003559441,0.26110757010679797,0.30032813094640454,0.28071785052660125,0.2125,0.22332875457875456,1.8909382470348028
3560,analcatdata_dmft,openml_repeat0_fold0_sample0,shap,ok,,78,78,21,573,144,80,6,0,3,3,0.39572228014239236,0.21687203900000895,1.2071788878647953,,,,0.39572228014239236,0.21230698897389091,0.18341529116850144,0.3914412879831435,0.28742828957582245,0.2125,0.22332875457875456,1.8909382470348028
3560,analcatdata_dmft,openml_repeat0_fold0_sample0,lime,ok,,78,78,21,573,144,80,6,0,3,3,0.39572228014239236,0.01577521599999443,0.16576562727202357,,,,0.39572228014239236,0.3526616633720181,0.04306061677037426,0.130271621035378,0.08666611890287614,0.2125,0.22332875457875456,1.8909382470348028
3560,analcatdata_dmft,openml_repeat0_fold0_sample0,aime,ok,,78,78,21,573,144,80,6,0,3,3,0.39572228014239236,0.005466824000009751,4.287070326941209,,,,0.39572228014239236,0.15464050576069374,0.24108177438169862,0.34656079694342223,0.29382128566256044,0.2125,0.22332875457875456,1.8909382470348028
3560,analcatdata_dmft,openml_repeat0_fold0_sample0,diff_fpde,ok,,79,79,21,573,144,80,6,0,4,4,0.26122354528798547,0.004166945999998006,0.9403977315666239,-0.2503263720212415,,1.1102230246251565e-16,0.26122354528798547,0.07794991247331118,0.1832736328146743,0.16054912796398307,0.17191138038932868,0.2125,0.22332875457875456,1.8909382470348028
3560,analcatdata_dmft,openml_repeat0_fold0_sample0,cos_fpde,ok,,79,79,21,573,144,80,6,0,4,4,0.26122354528798547,0.004246424000001525,1.3569470412656783,-0.39240030481753724,,-1.1102230246251565e-16,0.26122354528798547,0.07972640397921661,0.18149714130876887,0.15212867380495626,0.16681290755686257,0.2125,0.22332875457875456,1.8909382470348028
3560,analcatdata_dmft,openml_repeat0_fold0_sample0,hyb_fpde_grid,ok,,79,79,21,573,144,80,6,0,4,4,0.26122354528798547,0.006632994000000281,0.9996123233903909,-0.2707893744105308,0.8,5.551115123125783e-17,0.26122354528798547,0.07680211367973015,0.1844214316082553,0.1553834020342983,0.1699024168212768,0.2125,0.22332875457875456,1.8909382470348028
3560,analcatdata_dmft,openml_repeat0_fold0_sample0,shap,ok,,79,79,21,573,144,80,6,0,4,4,0.26122354528798547,0.2144939030000046,2.1907965999134804,,,,0.26122354528798547,0.08311438569637858,0.1781091595916069,0.17791113954985208,0.17801014957072947,0.2125,0.22332875457875456,1.8909382470348028
3560,analcatdata_dmft,openml_repeat0_fold0_sample0,lime,ok,,79,79,21,573,144,80,6,0,4,4,0.26122354528798547,0.015901752000004876,0.08254734156947302,,,,0.26122354528798547,0.19675188390206405,0.06447166138592142,0.08592664007134024,0.07519915072863083,0.2125,0.22332875457875456,1.8909382470348028
3560,analcatdata_dmft,openml_repeat0_fold0_sample0,aime,ok,,79,79,21,573,144,80,6,0,4,4,0.26122354528798547,0.005458287999999811,4.483499897883856,,,,0.26122354528798547,0.09527317657850506,0.1659503687094804,0.15527676919060007,0.16061356895004025,0.2125,0.22332875457875456,1.8909382470348028
